80
4 6 9 11 13 38 39 47 50 63 70 71 74 77 -1
2 8 15 18 21 30 31 38 44 61 64 69 73 77 -1
1 9 21 22 30 37 40 42 43 45 50 66 69 75 76 -1
6 11 13 15 32 40 43 45 46 47 48 54 55 70 71 -1
0 5 9 19 20 24 27 31 34 36 39 40 57 67 -1
4 21 22 24 28 29 44 48 49 53 55 74 77 78 79 -1
0 3 8 9 22 35 43 46 48 57 58 64 77 79 -1
10 12 13 19 26 39 56 65 66 71 73 79 -1
1 6 9 10 32 48 51 52 57 65 68 72 77 -1
0 2 4 6 8 10 11 15 20 34 37 38 54 68 -1
7 8 9 14 20 22 23 30 43 66 69 75 77 -1
0 3 9 22 24 28 29 30 41 48 57 58 74 77 -1
7 16 19 24 27 32 40 53 64 65 73 74 75 78 -1
0 3 7 21 23 32 47 63 75 77 78 -1
10 28 38 43 44 49 62 65 66 69 70 71 77 78 -1
1 3 9 32 35 38 39 51 57 58 65 66 68 71 74 -1
12 24 37 40 43 45 48 52 54 60 61 66 72 75 77 -1
37 43 45 46 47 49 54 59 64 67 68 71 -1
1 21 32 35 36 39 53 54 58 59 62 66 76 78 -1
4 7 12 23 31 42 43 49 56 58 63 66 67 69 -1
4 9 10 22 28 29 30 34 45 51 62 69 71 72 -1
1 2 5 13 18 23 43 48 54 55 62 63 69 -1
2 5 6 10 11 20 37 41 44 48 57 75 76 77 -1
10 13 19 21 26 32 35 45 47 50 54 65 66 67 79 -1
4 5 11 12 16 29 37 38 43 50 55 63 68 75 78 -1
28 32 42 43 45 52 56 57 59 61 62 65 70 75 78 -1
7 23 28 32 40 49 52 53 54 56 58 64 71 78 -1
4 12 33 53 55 57 58 59 62 68 70 71 77 -1
5 11 14 20 25 26 31 35 39 45 46 51 78 -1
5 11 20 24 30 34 36 39 40 46 49 57 62 68 71 -1
1 2 10 11 20 29 36 37 44 47 58 59 60 64 76 -1
1 4 19 28 34 38 39 40 49 50 55 62 66 -1
3 8 12 13 15 18 23 25 26 46 47 54 59 73 -1
27 40 45 48 54 57 59 61 65 67 69 72 75 79 -1
4 9 20 29 31 37 43 47 48 59 64 75 78 -1
6 15 18 23 28 36 38 45 47 48 50 52 61 75 78 -1
4 18 29 30 35 37 40 44 46 59 66 68 70 72 77 -1
2 9 16 17 22 24 30 34 36 49 50 53 62 -1
0 1 9 14 15 24 31 35 39 45 55 58 61 68 75 -1
0 4 7 15 18 28 29 31 38 41 42 45 46 53 -1
2 3 4 12 16 26 29 31 33 36 42 45 48 60 -1
11 22 39 42 43 44 47 49 59 61 68 73 78 79 -1
2 19 25 39 40 41 48 52 64 66 68 69 79 -1
2 3 6 10 14 16 17 19 21 24 25 34 41 -1
1 5 14 22 30 36 41 53 54 57 66 69 71 73 76 -1
2 3 16 17 20 23 25 28 33 35 38 39 40 75 -1
3 6 17 28 29 32 36 39 70 78 79 -1
0 3 13 17 23 30 32 34 35 41 53 56 70 75 -1
3 5 6 8 11 16 21 22 33 34 35 40 42 -1
5 14 17 19 26 29 31 37 41 52 67 70 71 73 77 -1
0 2 23 24 31 35 37 55 56 58 61 63 73 -1
8 15 20 28 52 56 58 59 67 68 70 75 76 -1
8 16 25 26 35 42 49 51 54 55 57 61 65 67 -1
5 12 18 26 27 37 39 44 47 57 67 70 71 74 -1
3 9 16 17 18 21 23 26 32 33 44 52 69 74 -1
3 5 21 24 27 31 38 50 52 63 65 66 67 -1
7 19 25 26 47 50 51 58 61 63 65 68 73 79 -1
4 6 8 11 15 22 25 27 29 33 44 52 53 64 71 -1
6 11 15 18 19 26 27 30 38 50 51 56 61 64 67 -1
17 18 25 27 30 32 33 34 36 41 51 61 71 73 -1
16 30 40 61 62 63 67 69 72 74 76 -1
1 16 25 33 35 38 41 50 52 56 58 59 60 67 -1
14 18 20 21 25 27 29 31 37 60 63 64 67 -1
0 13 19 21 24 50 55 56 60 62 74 79 -1
1 6 12 17 26 30 34 42 57 58 62 72 73 -1
7 8 12 14 15 23 25 33 52 55 56 72 76 79 -1
2 7 10 14 15 16 18 19 23 31 36 42 44 55 -1
4 17 19 23 33 49 51 52 53 55 58 60 61 62 -1
8 9 15 17 24 27 29 36 38 41 42 51 56 -1
1 2 10 14 19 20 21 33 42 44 54 60 74 -1
0 3 14 25 27 36 46 47 49 51 53 -1
0 3 7 14 15 17 20 26 27 29 44 49 53 57 59 -1
8 16 20 33 36 60 64 65 73 74 76 79 -1
1 7 12 32 41 44 49 50 56 59 64 72 76 -1
0 5 11 12 15 53 54 60 63 69 72 -1
2 10 12 13 16 22 24 25 33 34 35 38 45 47 51 -1
2 18 22 30 44 51 60 65 72 73 -1
0 1 5 6 8 10 11 13 14 16 22 27 36 49 -1
5 12 13 14 18 24 25 26 28 34 35 41 46 -1
5 6 7 23 33 41 42 46 56 63 65 72 -1