200
103 171 -1
64 182 -1
91 132 -1
140 166 -1
93 130 -1
130 134 -1
51 101 -1
164 172 -1
63 118 -1
187 193 -1
126 133 -1
48 58 -1
34 110 -1
73 168 -1
81 148 -1
68 85 -1
45 142 -1
40 141 -1
26 140 -1
98 151 -1
54 136 -1
79 103 -1
30 86 -1
120 167 -1
129 172 -1
91 169 -1
18 122 -1
51 67 -1
74 112 -1
30 105 -1
22 29 -1
178 179 -1
49 192 -1
94 149 -1
12 86 -1
50 55 -1
42 83 -1
125 168 -1
59 92 -1
98 166 -1
17 93 -1
45 143 -1
36 52 -1
79 181 -1
96 108 -1
16 41 -1
110 175 -1
67 137 -1
11 61 -1
32 55 -1
35 95 -1
6 27 -1
42 102 -1
72 149 -1
20 106 -1
35 49 -1
75 187 -1
92 164 -1
11 81 -1
38 138 -1
78 196 -1
48 143 -1
135 165 -1
8 83 -1
1 69 -1
84 152 -1
84 185 -1
27 47 -1
15 95 -1
64 106 -1
88 186 -1
109 190 -1
53 125 -1
13 196 -1
28 122 -1
56 155 -1
133 192 -1
116 135 -1
60 189 -1
21 43 -1
113 156 -1
14 58 -1
94 132 -1
36 63 -1
65 66 -1
15 145 -1
22 34 -1
128 142 -1
70 115 -1
155 158 -1
120 162 -1
2 25 -1
38 57 -1
4 40 -1
33 82 -1
50 68 -1
44 141 -1
108 176 -1
19 39 -1
151 169 -1
127 191 -1
6 157 -1
52 119 -1
0 21 -1
112 119 -1
29 148 -1
54 69 -1
116 153 -1
44 97 -1
71 182 -1
12 46 -1
170 194 -1
28 104 -1
80 126 -1
153 186 -1
88 139 -1
77 107 -1
158 184 -1
8 199 -1
102 104 -1
23 90 -1
131 170 -1
26 74 -1
157 181 -1
137 183 -1
37 72 -1
10 113 -1
100 184 -1
87 156 -1
24 176 -1
4 5 -1
121 185 -1
2 82 -1
10 76 -1
5 136 -1
62 77 -1
20 134 -1
47 124 -1
59 180 -1
115 146 -1
3 18 -1
17 96 -1
16 87 -1
41 61 -1
146 197 -1
85 167 -1
139 144 -1
180 183 -1
14 105 -1
33 53 -1
190 199 -1
19 99 -1
65 194 -1
107 114 -1
159 197 -1
75 89 -1
80 128 -1
101 123 -1
89 117 -1
154 189 -1
173 195 -1
165 179 -1
90 193 -1
178 198 -1
7 57 -1
62 161 -1
3 39 -1
23 145 -1
13 37 -1
25 99 -1
111 121 -1
0 195 -1
7 24 -1
160 198 -1
175 177 -1
46 174 -1
97 129 -1
174 188 -1
31 163 -1
31 161 -1
138 147 -1
43 123 -1
1 109 -1
124 147 -1
117 127 -1
66 131 -1
70 114 -1
9 56 -1
177 191 -1
78 159 -1
71 150 -1
100 188 -1
32 76 -1
9 162 -1
111 152 -1
160 171 -1
60 73 -1
144 154 -1
163 173 -1
118 150 -1