200
3 7 11 15 20 25 27 33 35 48 59 67 69 78 80 87 90 94 99 108 115 120 121 123 125 129 130 131 134 137 140 143 147 149 158 161 162 166 168 173 178 184 186 188 191 198 -1
16 20 21 31 32 35 37 38 47 49 52 53 55 61 76 77 78 79 87 94 99 104 107 111 121 126 137 145 146 147 149 151 153 156 158 162 165 168 171 174 177 178 182 183 189 -1
3 6 9 14 17 23 24 40 49 51 55 57 58 62 72 84 85 99 101 103 107 108 112 115 126 137 139 143 149 150 151 152 158 165 171 172 174 175 178 180 181 192 198 -1
0 2 13 16 18 24 25 28 29 30 37 41 43 49 50 57 58 63 65 73 83 95 105 114 115 119 120 122 126 138 139 140 144 145 149 155 160 169 182 187 192 193 195 196 198 -1
5 14 19 21 22 23 32 34 44 69 73 75 85 87 91 93 97 98 105 107 108 109 117 121 126 128 131 132 136 145 146 148 153 155 161 168 175 176 178 179 187 193 196 -1
4 7 11 12 14 15 17 22 43 59 65 79 81 84 86 90 98 100 101 106 122 126 136 139 143 148 152 155 157 158 161 166 168 178 182 185 187 188 189 191 192 -1
2 8 10 15 16 17 21 34 38 47 48 49 52 54 61 67 69 73 75 79 88 92 94 96 101 104 105 110 112 118 120 123 124 135 136 137 138 141 151 154 155 158 164 170 173 180 194 199 -1
0 5 10 33 36 38 39 43 48 54 63 64 65 71 72 74 75 76 77 82 86 87 111 112 116 120 123 124 129 130 133 134 142 144 147 153 156 157 163 166 172 173 175 176 189 198 -1
6 9 12 16 17 19 36 46 48 49 52 60 62 65 66 72 89 93 95 97 98 100 101 103 107 114 117 125 126 140 143 150 161 164 170 171 172 176 180 181 184 189 193 198 -1
2 8 10 11 20 25 27 28 31 32 33 38 50 53 54 67 70 74 81 82 88 91 93 96 97 105 108 117 121 126 128 134 150 151 153 155 162 163 169 183 189 191 192 196 -1
6 7 9 23 25 26 35 38 41 45 48 63 68 77 81 86 87 88 89 92 102 103 106 111 127 138 140 141 143 144 145 146 149 155 156 159 160 172 180 187 190 192 198 -1
0 5 9 15 22 29 30 32 33 41 43 44 47 50 52 62 65 68 76 87 93 94 98 99 105 122 124 130 136 137 138 140 145 150 151 154 158 162 164 167 190 192 195 199 -1
5 8 14 15 22 30 32 43 44 45 48 53 61 68 71 72 73 74 77 97 102 111 119 126 132 134 135 143 145 159 160 164 165 169 177 178 181 183 184 188 195 -1
3 20 27 29 39 49 52 57 62 65 71 74 77 85 88 100 101 106 111 113 114 122 127 128 132 135 136 137 140 147 167 168 169 173 174 175 177 178 179 187 188 192 195 196 199 -1
2 4 5 12 16 17 20 29 39 41 45 46 54 58 67 70 74 77 81 84 85 86 89 91 95 96 100 101 107 110 116 119 120 123 131 133 140 152 166 173 182 184 190 192 194 -1
0 5 6 11 12 16 21 34 36 42 43 44 55 65 70 72 75 80 83 88 95 98 105 114 123 135 137 138 139 140 141 144 145 155 156 157 158 166 168 169 170 175 177 183 187 188 191 192 197 -1
1 3 6 8 14 15 19 23 24 35 46 51 54 55 57 66 69 77 82 83 96 97 99 100 103 108 110 115 119 124 130 131 135 147 149 150 152 154 155 161 169 178 181 182 186 197 -1
2 5 6 8 14 32 37 38 43 44 45 47 53 55 56 63 68 69 71 73 79 86 92 100 103 122 129 138 142 146 147 150 156 162 163 167 176 193 195 196 -1
3 21 27 33 35 36 37 44 47 48 49 50 58 60 64 68 70 71 81 82 86 97 100 108 109 114 116 117 118 119 128 135 137 140 141 143 145 151 157 163 166 167 168 171 174 175 179 182 -1
4 8 16 22 23 25 28 37 38 39 47 48 49 52 53 57 61 71 79 80 88 105 108 110 115 119 121 125 129 130 133 135 139 145 146 149 162 164 179 193 -1
0 1 9 13 14 27 43 44 47 50 52 55 62 63 64 69 73 74 78 82 85 91 97 101 103 113 117 120 127 129 130 136 137 145 147 155 173 179 187 188 195 196 197 199 -1
1 4 6 15 18 24 25 27 28 34 35 39 46 47 56 58 62 78 80 82 84 86 100 101 110 111 118 122 125 133 136 142 145 150 157 158 162 175 177 179 182 184 185 -1
4 5 11 12 19 25 29 31 32 44 46 52 54 63 65 79 80 87 91 92 97 103 107 114 115 118 122 123 129 134 136 138 160 161 172 175 176 178 179 181 185 187 188 193 196 199 -1
2 4 10 16 19 24 29 42 45 47 48 51 54 56 60 63 64 66 68 70 71 75 79 103 110 112 116 118 124 125 130 134 137 145 148 150 156 158 159 161 163 170 171 172 174 175 181 185 -1
2 3 16 21 23 25 26 42 44 45 46 48 51 52 58 61 62 77 81 101 102 109 110 113 117 119 122 137 139 141 147 148 149 150 157 162 164 167 178 181 187 188 199 -1
0 3 9 10 19 21 22 24 40 44 48 50 55 59 71 73 77 79 80 84 88 100 101 104 105 112 116 118 119 126 127 130 133 147 159 160 165 173 177 186 187 188 194 196 199 -1
10 24 36 40 43 44 45 48 52 54 62 68 72 81 82 90 102 105 111 112 121 124 125 138 140 142 145 151 155 157 161 163 164 168 169 172 178 180 181 182 187 189 195 197 -1
0 9 13 18 20 21 28 32 38 46 47 51 59 62 71 79 87 93 94 100 103 108 110 111 114 125 128 130 131 141 142 146 149 152 160 165 173 185 186 189 191 192 199 -1
3 9 19 21 27 30 35 38 39 44 46 53 61 63 74 82 86 87 97 99 101 108 109 112 113 122 123 125 131 137 143 151 154 155 158 159 162 167 171 177 181 192 195 199 -1
3 11 13 14 22 23 38 39 41 44 50 52 57 59 65 74 75 76 79 82 87 92 94 101 114 122 134 137 140 141 143 158 159 165 174 175 176 178 179 182 185 189 191 193 194 195 -1
3 11 12 28 33 43 49 52 53 54 57 60 61 62 72 75 76 82 83 91 92 101 106 109 135 138 145 149 151 153 155 165 166 168 169 170 175 176 179 180 183 186 189 191 197 -1
1 9 22 32 41 43 44 45 54 55 66 67 71 79 80 83 87 98 101 102 103 107 111 113 115 119 123 125 148 149 150 151 157 161 163 167 170 173 180 183 186 188 190 193 196 -1
1 4 9 11 12 17 22 27 31 41 50 51 54 55 64 66 68 86 87 89 90 94 102 108 117 118 128 131 132 135 136 141 142 143 147 152 153 155 158 160 178 181 187 193 -1
0 7 9 11 18 30 34 35 36 38 42 43 46 50 53 56 59 61 63 69 79 80 86 87 101 109 112 115 116 128 129 131 139 151 153 154 156 157 160 166 171 177 191 192 193 197 -1
4 6 15 21 33 35 43 54 67 68 69 72 78 80 81 86 87 89 96 103 105 109 111 116 117 118 119 120 121 126 130 134 139 144 145 148 154 156 162 165 167 172 183 184 190 197 -1
0 1 10 16 18 21 28 33 34 38 40 41 48 51 65 67 69 71 76 78 80 81 82 89 91 92 93 94 99 103 104 107 119 128 137 140 145 149 151 153 156 158 161 166 171 179 188 189 -1
7 8 15 18 26 33 42 52 55 63 67 71 72 74 76 80 81 89 92 99 100 105 115 117 124 126 133 137 139 148 151 153 156 158 159 161 168 169 177 182 186 187 193 195 199 -1
1 3 17 18 19 40 43 44 45 52 55 60 66 75 81 89 92 95 105 106 119 122 123 124 125 127 145 152 153 157 158 159 160 161 164 168 180 185 187 191 192 194 196 -1
1 6 7 9 10 17 19 27 28 29 33 35 43 47 58 59 62 64 69 79 85 93 94 97 102 103 105 112 115 116 129 132 146 150 152 154 156 159 160 170 186 188 190 192 193 196 -1
7 13 14 19 21 28 29 43 47 56 57 61 63 64 70 71 76 78 86 88 107 113 119 123 130 132 136 142 144 152 153 154 156 162 170 174 176 178 189 194 198 -1
2 25 26 35 37 49 56 57 59 62 69 72 75 78 82 85 87 89 99 101 103 108 109 115 123 127 129 131 138 141 142 150 155 156 162 165 166 167 172 173 180 183 187 192 194 -1
3 10 11 14 29 31 32 35 45 51 54 60 74 76 81 84 86 96 105 108 120 124 130 132 137 141 142 148 151 155 163 166 168 175 178 180 181 183 184 187 193 194 -1
15 23 24 33 36 44 46 50 55 60 67 69 72 74 79 80 83 88 101 103 111 113 114 115 116 120 121 123 130 136 140 141 146 155 156 157 158 163 164 167 169 171 176 177 178 179 184 188 198 -1
3 5 7 11 12 15 17 20 26 30 31 33 34 37 38 39 47 60 67 79 85 87 91 93 96 100 105 108 112 119 120 121 124 126 136 146 150 154 155 161 162 164 168 177 194 196 199 -1
4 11 12 15 17 18 20 22 24 25 26 28 29 31 37 42 50 57 64 70 82 90 93 94 96 99 101 108 110 113 135 136 141 142 148 151 155 158 160 171 179 185 187 189 196 197 -1
10 12 14 17 23 24 26 31 37 41 49 63 69 73 74 76 82 84 86 87 88 96 98 102 106 117 118 125 130 133 135 141 145 146 147 153 157 159 162 166 176 178 183 -1
8 14 16 21 22 24 27 28 33 42 49 68 75 78 79 84 85 88 92 102 106 114 115 119 120 121 122 123 124 127 137 145 149 151 154 158 167 170 171 172 174 177 178 188 193 -1
1 6 11 17 18 19 20 21 23 27 38 39 43 52 58 60 64 67 71 80 84 86 88 96 99 102 104 107 111 113 115 130 133 134 150 155 164 166 173 180 182 186 197 -1
0 6 7 8 10 12 18 19 23 24 25 26 35 50 51 65 69 70 72 76 78 80 97 106 109 112 114 118 119 122 125 126 127 128 130 135 137 140 146 162 173 186 189 194 -1
1 2 3 6 8 13 18 19 30 40 45 46 52 58 65 71 84 85 91 98 99 106 114 118 122 131 135 139 145 146 147 152 157 161 174 175 181 183 186 187 190 191 193 -1
3 9 11 18 20 25 29 32 33 42 44 48 56 58 65 68 70 75 77 80 81 93 95 96 100 101 111 114 117 124 125 127 134 136 148 151 152 158 170 173 176 179 187 196 -1
2 16 23 24 27 32 35 41 48 54 58 60 63 64 75 82 83 84 90 93 99 100 103 105 108 118 119 120 130 134 136 142 144 147 150 151 153 154 155 170 175 178 179 186 191 -1
1 6 8 11 13 19 20 22 24 26 29 30 36 37 47 49 57 58 69 74 82 83 90 91 97 102 110 111 115 116 125 127 136 149 150 152 158 161 168 170 177 180 182 186 193 194 -1
1 9 12 17 19 28 30 33 54 55 60 63 80 82 87 89 92 94 96 97 99 102 108 109 116 121 124 126 127 130 131 135 137 138 141 147 154 164 165 168 174 179 185 192 196 197 -1
6 7 9 14 16 22 23 26 30 31 32 34 41 51 53 55 57 70 76 79 82 84 96 101 118 121 122 127 128 129 136 141 143 146 149 157 166 167 169 170 172 180 183 184 194 196 -1
1 2 15 16 17 20 25 31 32 36 37 42 53 54 58 61 65 66 68 72 74 78 82 87 93 101 105 128 129 142 151 152 165 167 172 182 183 186 196 -1
17 21 23 33 39 40 50 59 60 62 65 68 70 72 75 77 83 87 88 90 94 99 102 103 113 116 120 123 125 132 135 138 140 148 152 158 163 165 166 170 175 181 189 191 194 196 198 -1
2 3 13 16 19 29 30 39 40 44 52 54 59 65 67 68 72 74 83 87 90 92 96 97 98 104 107 113 121 128 130 131 139 147 148 150 153 161 171 179 183 190 192 197 198 -1
2 3 14 18 21 24 38 47 49 50 51 52 55 62 66 68 86 90 92 100 101 107 110 115 117 119 123 130 133 137 144 149 159 165 169 172 173 174 177 182 185 188 189 190 194 196 199 -1
0 5 25 27 29 33 38 40 56 57 70 72 79 84 88 91 92 104 108 109 118 123 124 131 133 135 140 154 155 158 161 166 168 169 170 171 172 173 174 177 179 191 195 197 -1
8 18 23 30 37 41 42 43 47 51 53 56 62 65 83 86 88 98 99 101 103 111 121 124 128 132 136 138 139 143 144 150 160 164 168 172 174 175 177 179 181 182 185 188 191 196 -1
1 6 12 19 24 28 30 33 39 55 64 65 67 69 73 74 87 89 93 99 103 105 110 111 113 116 121 125 129 133 134 135 141 145 150 151 156 166 167 180 185 186 187 192 -1
2 8 11 13 20 21 24 26 27 30 38 40 56 58 60 65 68 79 81 83 85 86 93 95 96 98 101 104 108 111 115 125 130 133 136 139 143 144 159 162 163 174 184 191 195 198 -1
3 7 10 17 20 22 23 28 33 36 39 45 51 53 65 72 78 80 81 85 88 89 92 93 99 107 109 111 112 114 126 135 139 143 144 147 149 150 151 152 158 179 180 185 189 191 -1
7 18 20 23 32 38 39 44 47 51 61 68 69 71 73 81 85 89 95 101 113 125 127 128 132 133 140 148 151 155 158 162 164 166 169 174 175 177 183 185 186 187 192 194 199 -1
3 5 7 8 11 13 15 22 29 35 48 49 50 55 56 57 60 61 62 63 77 80 102 105 106 118 120 121 122 124 134 139 142 145 153 157 158 160 164 168 171 172 177 188 199 -1
8 16 23 31 32 37 55 58 70 71 76 77 81 82 83 85 87 92 93 106 107 113 115 118 119 120 125 129 130 131 145 147 152 154 155 157 162 168 171 181 186 195 197 199 -1
0 6 9 14 31 34 35 36 42 43 47 57 61 69 70 73 75 77 78 82 85 88 90 94 97 104 110 114 126 128 134 142 146 153 154 158 161 163 164 175 176 177 178 180 -1
10 11 12 17 18 23 26 32 34 46 50 55 56 57 58 62 64 69 73 81 82 86 95 104 105 107 108 113 150 153 159 166 167 173 174 183 184 187 193 196 197 199 -1
0 4 6 16 17 20 33 34 35 38 40 42 45 48 52 61 64 67 68 70 90 91 94 98 99 110 113 117 119 125 138 141 145 149 151 156 161 164 168 172 184 191 196 -1
9 14 15 18 23 39 44 48 50 54 56 59 66 67 69 80 84 90 94 110 111 116 120 125 126 128 131 132 140 143 147 152 157 158 167 170 172 177 181 186 190 198 -1
7 12 13 17 18 19 23 25 27 31 35 36 39 47 49 64 66 79 83 84 87 90 91 92 95 102 103 105 106 112 114 117 118 132 133 135 137 141 143 153 159 169 182 188 190 192 -1
2 7 8 12 15 26 30 34 36 40 42 48 55 56 57 59 63 74 76 80 86 98 100 102 103 106 109 116 120 122 123 125 130 131 138 151 153 158 159 160 167 170 171 178 182 199 -1
3 4 6 12 17 20 25 45 61 64 67 68 74 75 76 79 89 92 98 99 109 111 115 119 123 127 135 139 142 143 144 147 150 153 156 158 159 160 162 172 175 184 186 192 193 -1
7 9 12 13 14 20 28 29 36 41 42 45 52 55 57 61 72 73 77 82 90 91 93 101 108 109 110 111 115 119 121 122 123 127 128 136 138 140 149 151 163 165 172 175 186 188 191 197 -1
4 6 7 15 23 29 30 37 40 46 50 51 56 67 73 80 81 82 92 95 100 102 103 106 108 109 114 117 119 123 131 147 151 156 163 176 177 187 190 191 192 198 -1
1 7 11 29 30 35 36 39 41 45 48 54 66 72 73 81 82 86 99 104 105 106 118 121 123 128 135 137 138 144 146 150 152 153 156 157 166 172 176 182 187 192 193 -1
1 7 10 12 13 14 16 24 25 50 56 65 66 67 74 83 86 90 91 96 98 102 104 106 115 116 122 126 128 135 137 138 143 145 150 151 153 156 164 166 168 170 181 188 -1
0 1 20 21 34 35 39 40 46 48 55 63 67 86 90 96 103 104 105 108 112 122 125 129 133 138 140 143 147 154 157 159 161 164 165 170 175 182 183 189 193 -1
1 5 6 17 19 22 23 25 27 29 31 33 38 42 43 46 54 59 62 71 73 80 83 89 90 92 94 95 96 101 103 114 120 131 141 143 145 146 150 154 156 177 180 185 190 192 195 198 -1
0 15 19 21 22 25 31 33 34 35 36 42 47 48 50 53 63 65 70 72 75 79 84 85 92 94 98 102 105 106 108 110 117 128 137 139 146 155 164 171 174 183 190 197 -1
5 9 10 14 18 24 26 34 35 36 37 41 50 62 63 64 66 68 75 76 82 83 99 105 108 109 111 113 117 118 122 130 135 139 145 151 157 165 175 189 196 197 199 -1
7 9 16 18 20 21 26 28 29 30 35 40 44 45 51 52 53 54 55 66 67 68 74 75 76 81 84 88 89 92 99 101 105 109 111 118 130 131 140 141 145 164 166 173 186 -1
3 15 16 30 31 42 51 52 56 57 60 62 66 71 77 79 81 92 103 105 107 109 113 116 120 121 125 128 129 132 136 139 141 146 148 152 157 166 169 176 190 195 197 -1
2 5 14 21 25 41 45 46 47 49 51 54 59 70 71 80 82 85 88 89 90 93 95 98 102 114 122 132 133 136 138 139 143 144 148 150 157 173 177 180 182 183 187 192 193 196 -1
2 4 13 14 20 38 40 43 46 49 62 63 64 66 67 80 84 87 88 91 92 98 99 105 116 120 121 128 129 135 144 146 150 152 156 173 175 182 183 186 189 196 197 199 -1
5 7 10 14 17 18 21 28 32 33 34 39 41 45 47 58 60 62 68 72 76 77 78 88 93 100 104 108 110 127 129 133 141 142 145 147 150 153 154 156 160 165 172 174 186 187 -1
0 1 4 7 10 11 22 27 28 29 31 32 33 34 40 43 45 53 55 56 57 61 66 71 85 88 90 100 109 115 126 130 136 141 148 150 151 153 154 157 174 182 184 191 -1
6 9 10 13 15 19 25 39 42 45 46 47 56 59 60 63 67 82 84 85 86 87 96 100 106 111 113 116 129 131 142 143 144 145 155 167 169 179 180 183 186 188 189 194 195 -1
8 10 14 32 34 35 36 37 40 53 61 63 64 73 79 82 84 98 100 107 112 114 117 120 121 123 124 131 133 135 137 140 144 145 152 156 157 160 162 169 185 193 -1
0 5 26 32 44 51 52 56 57 58 67 69 70 71 74 77 78 79 84 87 93 95 96 108 109 111 112 117 127 132 136 140 146 150 162 166 168 170 176 179 188 191 196 -1
4 9 14 20 22 30 35 43 49 52 59 69 71 74 77 85 92 94 97 98 99 101 104 118 119 124 126 127 128 129 131 133 137 138 139 143 149 153 165 166 167 171 172 181 182 -1
6 10 17 22 29 30 35 36 37 46 53 57 58 59 63 66 71 73 75 79 80 82 83 85 91 96 113 116 123 124 128 131 137 138 142 149 156 161 168 171 173 176 181 189 191 194 196 -1
4 8 9 11 27 35 38 43 44 50 51 55 61 62 63 66 74 84 86 90 95 112 114 116 117 119 123 126 127 132 141 147 148 152 153 156 158 163 166 168 185 188 190 192 -1
0 1 6 11 27 29 32 35 38 44 53 56 67 69 70 79 80 91 100 104 110 123 125 126 130 132 133 137 142 144 147 154 155 159 170 172 178 181 187 189 -1
3 8 14 15 37 50 62 64 68 71 75 79 84 90 93 96 100 104 108 110 115 116 118 119 125 132 135 139 145 151 156 157 170 173 174 180 187 189 190 191 196 199 -1
6 9 14 16 34 41 43 44 45 47 50 53 54 57 62 77 78 79 88 90 92 95 98 111 118 120 127 130 132 135 138 139 141 144 148 155 156 160 161 164 166 171 174 175 178 181 182 195 199 -1
4 8 9 12 16 18 20 22 28 38 48 52 53 57 67 91 105 106 110 112 118 121 128 132 135 138 150 153 160 164 169 172 173 177 184 185 186 189 192 194 195 199 -1
4 5 8 11 15 31 45 49 57 60 62 69 72 73 77 80 84 85 89 91 96 101 104 106 110 118 119 123 126 129 131 134 139 144 145 147 150 153 169 176 179 180 194 196 -1
0 1 2 11 16 28 35 36 40 44 47 49 51 53 56 60 61 63 69 73 76 81 82 85 91 109 114 116 119 123 126 128 132 135 138 139 140 141 152 158 159 166 167 168 173 178 184 -1
5 8 13 14 16 17 18 21 25 27 36 43 50 51 58 72 75 86 87 88 89 94 95 103 107 112 113 119 129 132 134 137 140 141 142 148 152 153 161 163 173 176 179 180 185 193 -1
2 5 6 8 13 14 20 21 24 25 28 29 30 31 33 40 42 44 50 54 55 58 60 62 64 74 79 82 91 98 108 109 110 115 129 135 136 149 160 162 168 171 174 181 185 190 193 194 -1
10 12 24 26 31 32 38 45 46 47 52 53 56 65 71 72 75 77 80 84 109 110 112 117 126 127 135 142 145 146 147 149 150 152 153 169 170 171 180 187 189 190 191 193 199 -1
2 8 10 16 17 20 22 23 27 31 34 35 38 40 42 51 56 60 61 71 72 75 78 79 83 100 105 108 111 115 119 134 137 147 152 158 159 161 180 181 185 186 188 198 -1
1 6 25 35 47 57 59 62 67 68 76 77 78 86 91 94 95 98 105 108 109 114 115 119 121 122 126 128 130 131 133 135 137 140 146 157 159 162 175 176 178 180 189 196 -1
3 4 6 9 11 15 19 25 26 34 36 37 38 41 43 51 55 61 65 68 71 76 78 80 81 82 83 85 97 103 104 106 112 115 120 121 123 130 132 134 135 138 141 154 168 176 184 -1
5 10 13 30 37 45 46 48 49 65 66 71 72 75 76 77 80 88 97 98 105 107 108 109 113 115 117 127 129 132 147 150 155 156 161 166 167 173 177 188 194 196 197 -1
1 2 4 8 14 22 31 35 39 47 57 58 63 66 68 83 89 100 106 113 115 116 120 127 129 135 136 139 140 144 145 149 150 158 161 162 165 173 175 182 189 191 195 -1
0 2 4 9 16 18 19 27 28 32 40 41 43 44 51 53 59 62 68 74 75 78 80 81 86 90 95 101 103 104 106 112 113 121 131 140 141 142 169 175 180 188 189 192 198 -1
4 18 24 28 30 33 34 40 48 53 59 63 72 73 74 75 81 82 83 87 90 99 101 102 104 106 110 111 116 117 120 123 127 131 143 153 155 156 157 161 169 170 176 185 186 187 190 191 192 -1
6 14 16 19 21 23 24 27 44 52 58 61 67 69 70 74 80 86 94 95 97 98 101 102 109 118 123 124 132 133 140 149 151 155 163 173 175 179 184 185 187 189 190 199 -1
1 7 10 12 13 21 26 27 31 34 42 47 50 52 60 61 62 63 70 73 74 81 82 88 90 96 103 109 119 121 124 125 128 133 134 136 140 142 144 149 157 165 168 177 182 186 189 190 192 -1
2 6 7 23 25 26 28 33 38 43 48 63 71 78 89 90 93 97 100 102 105 108 115 119 121 126 127 128 129 130 140 143 156 157 159 161 163 169 170 173 175 181 183 184 187 197 -1
13 20 24 28 31 39 42 44 47 56 57 61 64 66 68 69 81 83 88 92 100 106 107 108 114 115 122 125 126 128 132 134 135 136 137 139 148 154 160 161 164 174 176 183 188 194 -1
3 8 13 15 18 22 27 29 42 46 48 49 50 63 67 71 75 79 84 89 93 99 104 113 120 124 126 132 134 137 139 147 150 157 159 160 161 174 178 188 194 195 -1
0 2 3 16 19 22 31 33 36 38 40 42 46 47 52 58 62 66 73 74 77 87 95 101 103 104 105 106 107 112 113 121 127 137 140 142 144 157 160 162 178 180 184 186 187 194 195 196 199 -1
7 14 18 23 25 33 34 38 42 52 53 56 61 70 72 77 83 85 88 92 93 95 99 107 109 121 123 124 126 134 138 151 152 155 157 159 174 175 179 181 189 195 199 -1
4 8 9 18 20 24 32 34 36 45 50 58 69 71 75 80 81 89 90 93 102 106 109 118 125 128 132 143 144 145 149 152 160 163 164 170 176 178 179 186 188 192 193 197 -1
6 18 21 22 23 25 32 34 45 48 49 51 54 59 65 66 71 76 81 82 91 95 96 97 98 110 117 122 140 147 149 150 156 161 162 164 167 168 170 178 181 184 185 190 192 -1
3 12 14 16 18 19 24 25 31 34 35 37 39 43 46 48 51 58 66 69 73 74 75 91 93 95 98 99 100 103 104 111 112 121 123 127 128 131 135 140 148 154 163 180 191 -1
0 3 6 7 14 20 34 41 42 43 46 51 56 65 66 70 72 79 83 85 89 96 105 107 109 114 122 123 128 133 136 138 140 142 143 152 154 176 182 188 192 196 197 -1
0 1 4 9 19 26 34 42 43 46 53 54 57 60 61 65 74 76 83 85 89 97 104 105 108 111 112 115 116 119 123 127 131 135 136 137 141 143 146 153 166 167 178 179 188 -1
3 5 11 13 17 21 22 24 28 29 37 46 48 49 54 65 72 74 77 78 81 84 104 113 118 120 124 125 127 129 137 141 148 149 153 159 161 184 190 192 196 -1
0 6 7 14 15 22 28 31 37 39 40 42 46 56 58 59 72 73 74 75 76 89 92 93 94 98 99 105 109 110 116 119 120 121 126 135 140 145 146 152 164 169 174 176 187 197 -1
6 7 11 16 23 26 36 37 41 43 46 50 53 59 60 65 89 91 92 110 111 114 116 122 127 135 136 139 145 148 152 155 159 163 164 165 168 171 173 189 194 195 198 -1
0 8 19 21 23 26 27 28 31 37 45 48 50 52 56 61 62 64 66 69 70 72 78 83 94 95 111 113 117 122 128 130 137 143 149 156 165 168 187 188 197 -1
1 2 3 4 5 8 9 12 25 34 36 43 48 53 63 67 70 77 87 91 93 94 98 99 102 104 112 113 114 116 123 134 137 144 152 154 166 171 173 182 184 187 188 190 -1
10 13 20 25 37 40 46 48 50 52 53 54 64 73 74 86 90 91 93 96 102 106 107 109 112 115 119 121 122 124 132 139 141 144 146 148 150 152 165 172 173 174 176 177 180 187 189 191 197 -1
4 9 13 18 27 32 33 35 48 54 55 57 60 64 67 70 74 76 77 80 83 85 91 92 97 99 104 111 112 113 117 119 120 125 129 134 155 161 171 182 194 197 198 -1
0 7 17 19 20 22 33 38 40 54 55 61 66 78 83 85 86 88 91 98 100 101 106 107 112 122 128 133 135 137 141 148 149 153 166 167 171 175 176 177 180 181 183 189 192 195 196 -1
0 7 11 16 19 20 23 25 27 34 39 41 42 45 47 48 51 53 57 58 62 66 72 81 82 87 94 96 104 105 112 125 137 138 144 146 149 157 158 162 167 170 171 184 194 -1
0 4 14 16 27 28 32 33 40 49 53 57 59 66 70 72 75 79 82 88 89 91 92 98 104 108 109 119 121 132 134 143 150 151 156 162 173 174 175 177 187 189 191 193 194 -1
4 12 13 32 38 39 41 56 60 64 70 71 83 84 90 93 94 95 96 97 99 100 105 106 110 113 114 117 127 131 133 136 137 141 144 148 157 159 160 161 173 178 186 188 190 199 -1
7 14 19 21 25 36 45 47 58 59 61 62 64 71 78 84 86 89 91 94 104 110 111 120 129 132 134 140 141 142 143 153 156 161 165 172 174 175 177 180 182 187 193 198 -1
0 7 9 12 22 23 29 34 47 50 51 61 65 67 98 100 103 105 111 113 114 116 126 128 131 133 136 137 142 144 149 152 157 161 164 166 168 172 182 183 184 188 191 194 -1
6 12 13 15 16 18 19 30 32 44 45 48 49 53 56 59 61 63 71 73 76 77 81 85 89 95 96 97 99 101 102 104 105 107 113 119 121 123 124 129 159 167 179 181 -1
4 5 6 11 13 20 21 22 32 39 42 43 44 50 51 52 54 60 62 74 83 84 87 90 101 107 111 113 120 121 124 132 134 139 141 148 149 154 158 159 166 171 176 191 197 -1
0 1 2 6 11 13 15 18 20 23 24 28 29 35 36 41 46 48 53 58 71 76 77 80 89 91 92 94 100 103 104 113 114 115 121 122 125 126 129 130 132 134 142 144 150 194 -1
3 6 10 11 15 17 22 26 30 40 53 56 60 69 72 74 76 77 78 84 91 92 96 97 99 105 116 120 130 147 149 155 156 157 159 164 169 171 173 174 175 179 186 188 191 199 -1
2 3 5 15 19 24 33 34 36 49 57 60 62 63 65 73 80 81 83 84 91 95 96 98 99 107 113 114 124 127 136 141 142 147 153 158 173 178 196 -1
0 3 8 10 11 13 14 15 18 26 29 35 42 48 56 59 64 70 74 78 82 89 90 99 100 104 107 108 110 111 112 115 118 119 120 123 133 152 157 160 165 187 190 193 198 199 -1
6 10 15 18 24 27 29 32 40 41 42 44 45 53 54 61 69 71 79 82 83 86 87 93 96 99 100 105 108 121 122 127 129 132 133 136 139 144 146 149 165 175 181 182 192 -1
7 17 21 26 27 32 39 40 41 44 51 55 65 67 73 86 88 92 94 100 102 108 111 115 120 133 134 137 139 146 153 156 158 165 166 169 173 180 184 188 193 194 195 198 -1
0 2 5 8 10 12 18 28 29 32 54 60 62 63 70 71 73 77 78 79 84 88 91 109 112 117 120 121 125 131 133 147 148 152 158 162 167 168 170 173 177 189 199 -1
3 7 10 15 34 39 51 58 60 62 63 73 76 84 85 88 89 94 96 98 107 111 115 117 126 127 130 132 134 137 141 146 147 158 162 163 168 175 181 184 187 193 195 198 -1
1 3 4 10 11 12 15 18 19 20 21 23 26 30 34 35 37 45 46 49 61 65 66 69 77 79 81 82 86 88 89 95 98 102 107 117 123 124 -1
1 4 10 17 19 27 38 42 43 45 48 49 54 67 76 79 80 83 85 90 102 104 121 123 127 130 141 142 144 150 151 164 165 166 171 172 176 178 181 195 197 198 -1
0 1 7 13 16 17 20 24 25 32 45 49 51 53 57 63 66 70 73 75 78 86 93 94 98 102 103 106 114 118 138 139 143 144 150 158 159 161 170 172 177 178 183 184 186 192 -1
4 5 23 24 31 34 36 41 44 50 56 57 64 83 84 87 93 96 100 113 119 122 124 127 129 132 136 143 149 159 162 163 164 167 169 172 174 178 181 185 187 193 195 -1
0 1 2 3 10 16 19 24 27 30 31 35 46 52 54 58 63 69 74 91 92 101 102 107 110 111 117 118 122 125 129 130 134 136 138 141 148 151 152 155 158 162 178 183 189 193 197 199 -1
2 8 9 11 16 17 21 23 24 31 38 40 43 47 51 52 57 60 61 63 68 73 76 77 79 84 85 86 87 90 97 98 102 106 107 114 118 127 131 137 146 147 152 157 165 172 195 -1
1 2 6 9 11 18 26 28 30 31 33 35 36 41 44 46 50 51 55 61 63 64 69 72 74 75 77 81 87 95 110 116 131 146 149 155 157 161 172 174 178 186 190 193 -1
2 5 14 16 27 32 37 38 39 49 50 52 55 56 63 66 70 76 83 85 89 93 99 100 102 103 116 117 120 123 124 126 127 134 140 143 149 150 164 166 167 175 177 178 179 180 186 198 -1
1 4 7 9 30 32 33 35 36 37 39 45 51 57 65 67 68 71 72 73 76 77 86 87 91 93 97 98 100 102 109 121 122 129 133 139 142 157 158 159 178 180 191 197 -1
6 11 16 28 33 34 38 39 43 46 51 53 59 66 67 78 79 86 87 94 105 113 119 120 126 136 155 157 159 160 163 166 173 177 178 183 188 191 192 195 196 197 -1
3 4 5 6 9 10 15 16 20 26 28 30 32 40 41 42 43 44 47 51 59 64 66 80 88 94 96 106 109 110 116 124 128 138 149 151 154 157 160 163 176 177 181 193 195 -1
1 7 10 15 17 23 33 34 35 36 38 39 40 42 61 69 73 75 76 77 79 85 86 89 92 93 95 96 106 109 112 118 125 131 133 138 142 164 170 172 182 192 197 198 -1
5 7 15 18 21 24 26 31 33 37 42 45 49 54 65 66 70 76 78 81 83 84 87 89 95 104 109 111 112 114 115 116 130 132 134 138 140 150 151 153 154 155 167 191 -1
0 1 2 5 6 11 15 21 23 28 29 32 35 36 37 42 44 46 50 52 56 59 63 64 65 67 70 72 73 93 99 103 107 130 136 139 142 143 144 147 149 153 185 -1
10 12 23 25 28 29 36 37 38 45 58 62 68 71 72 73 78 94 99 103 104 112 114 116 122 124 132 135 136 138 147 148 153 154 160 164 170 186 193 194 195 -1
3 10 12 22 25 27 32 33 37 38 44 60 65 72 73 86 89 96 97 101 113 114 115 117 132 140 154 155 159 161 163 164 165 170 171 175 176 177 186 188 198 199 -1
0 4 5 8 16 22 23 26 31 35 36 37 43 49 52 57 59 67 69 78 92 96 100 103 106 107 109 112 113 114 118 122 128 132 133 134 147 151 160 173 174 176 182 190 -1
0 1 9 11 17 19 21 24 28 34 39 40 43 45 48 62 64 66 73 89 90 101 104 107 115 118 130 131 143 144 148 149 164 172 176 177 178 179 180 181 182 186 189 192 196 199 -1
7 9 17 18 23 26 31 41 42 56 62 67 74 75 93 100 110 112 117 119 124 144 148 154 155 160 166 167 172 174 176 186 187 189 192 194 198 -1
6 8 11 12 19 24 26 37 42 43 47 53 60 64 65 67 69 77 78 80 82 96 97 113 117 118 123 124 134 138 146 148 152 156 159 160 162 170 171 173 174 179 194 198 -1
1 2 12 25 27 29 30 34 40 53 55 56 58 74 78 81 86 91 107 111 124 125 127 133 140 141 142 146 150 160 169 172 173 174 178 182 185 187 191 192 194 195 199 -1
0 5 7 14 15 18 30 33 35 40 41 45 47 54 56 59 61 64 68 76 77 82 83 90 91 93 96 99 106 121 126 129 134 136 142 146 152 154 163 171 176 182 183 193 195 198 -1
11 13 17 18 24 28 31 34 40 42 46 54 55 61 68 70 72 88 91 99 106 118 121 129 130 135 143 148 152 157 163 170 175 181 182 185 188 193 194 196 198 -1
0 1 4 5 13 15 18 26 30 36 37 41 43 52 53 59 60 65 66 69 77 90 92 93 99 101 105 111 118 124 125 134 143 144 169 170 174 181 182 183 185 186 187 189 192 199 -1
3 9 12 13 15 16 26 30 36 42 54 58 59 64 71 83 88 89 97 98 102 108 109 112 123 138 142 148 165 168 172 174 176 177 181 182 183 190 194 196 197 198 -1
6 8 15 23 30 31 38 39 46 50 51 52 54 56 59 70 72 77 78 90 94 95 102 109 112 117 118 130 143 147 156 159 160 164 167 168 173 176 177 183 185 197 -1
1 2 8 18 23 28 33 35 42 44 46 57 59 65 66 72 80 91 92 96 101 102 124 126 128 129 130 136 138 146 160 164 166 175 179 180 183 184 185 186 189 191 192 196 -1
2 7 8 10 22 23 26 34 40 46 54 55 58 59 60 65 69 70 73 74 76 86 91 94 97 127 133 134 146 147 148 150 151 156 162 163 165 169 183 190 197 -1
0 6 7 13 14 20 25 27 31 40 47 48 50 58 59 68 82 84 85 92 95 97 99 100 106 107 110 112 124 126 127 131 132 138 139 142 143 154 161 164 165 170 196 -1
1 2 13 18 23 29 39 46 49 53 58 59 60 62 64 68 80 86 87 95 96 101 113 114 116 123 127 131 133 138 148 151 161 163 164 165 168 169 176 180 186 190 191 193 194 195 197 -1
2 4 7 13 15 18 21 22 23 29 30 41 49 51 56 60 64 67 73 74 78 81 85 96 104 107 108 110 112 116 129 131 133 138 141 144 152 160 167 171 185 190 197 -1
4 7 8 17 22 29 30 39 42 45 50 67 75 76 83 90 92 98 100 104 105 109 113 117 120 123 127 129 136 146 155 160 161 162 163 166 169 170 174 179 189 191 192 195 197 198 199 -1
1 12 13 15 21 25 28 33 36 42 43 46 52 58 59 60 64 65 67 70 75 79 84 97 106 111 127 129 131 133 143 147 152 154 155 160 162 169 170 182 183 189 191 196 199 -1
0 1 2 4 5 12 13 16 22 24 26 29 32 39 41 42 45 46 51 67 72 94 96 99 104 114 115 117 118 121 132 139 146 147 148 149 151 152 153 154 162 165 -1
4 13 18 19 20 21 22 29 30 35 42 44 50 51 53 57 59 60 63 88 90 98 100 110 116 117 121 135 138 152 162 164 171 176 182 189 193 194 195 198 -1
2 6 8 10 26 30 31 37 40 41 47 52 54 61 63 67 79 84 88 95 98 100 102 103 104 108 115 119 127 129 133 142 152 153 162 171 174 181 182 183 184 185 191 195 196 -1
2 8 12 16 22 23 24 26 28 32 41 49 56 60 66 70 77 91 92 94 96 101 103 112 116 118 129 135 141 144 146 148 155 162 167 168 169 180 183 184 190 191 197 198 199 -1
1 3 5 14 16 18 21 26 29 36 47 52 55 58 60 71 72 76 78 84 85 87 91 96 107 111 120 126 128 133 134 141 156 161 162 165 166 167 168 169 177 179 180 -1
1 9 12 15 30 31 34 40 41 45 49 54 55 57 64 68 78 80 84 85 88 112 113 129 134 147 149 154 166 168 169 170 171 172 177 180 181 184 185 191 198 199 -1
0 8 12 14 21 34 41 42 54 62 68 69 73 87 97 99 105 110 112 115 118 122 126 130 134 142 144 147 171 180 181 183 185 190 193 196 197 198 -1
5 21 22 23 27 29 37 44 53 58 60 61 63 64 79 89 93 97 100 101 103 109 110 118 148 158 165 167 168 170 171 175 180 183 184 190 197 198 199 -1
0 16 25 27 30 31 36 38 47 48 49 51 52 55 61 64 66 70 73 74 82 85 86 88 97 103 109 111 115 117 132 138 147 151 152 159 160 162 163 168 171 174 -1
3 4 5 10 13 15 20 22 24 25 26 32 36 37 40 41 44 49 50 61 64 68 75 76 84 86 94 95 102 109 110 112 115 123 125 126 127 131 133 140 144 148 163 165 168 -1
0 5 12 13 15 20 22 24 25 31 35 38 42 46 58 60 65 71 74 77 88 90 93 103 106 108 113 114 117 120 121 125 126 132 134 138 142 154 160 167 -1
1 5 7 8 9 26 27 29 30 35 39 44 48 56 58 63 78 81 85 88 92 94 95 97 102 104 107 108 110 111 116 124 127 129 131 143 149 162 163 168 171 176 177 179 -1
10 11 14 31 34 38 49 57 58 70 71 75 79 80 83 93 95 101 102 109 110 111 118 122 126 132 140 151 161 169 172 174 175 181 184 185 193 194 196 199 -1
0 5 9 15 27 29 30 33 37 49 51 56 59 60 62 63 69 74 75 87 90 92 95 102 107 109 119 127 131 134 136 138 153 154 157 165 171 174 176 177 180 181 183 -1
2 3 5 9 10 11 13 14 15 27 28 33 37 38 40 53 57 61 64 71 73 75 76 79 84 93 97 108 109 111 117 118 120 122 129 141 147 154 156 162 163 165 168 171 176 -1
3 4 8 17 19 22 29 31 32 33 36 38 41 46 49 52 68 73 76 78 84 89 100 101 102 117 131 133 140 142 144 148 149 151 155 159 166 167 174 179 184 190 198 199 -1
6 14 25 29 37 39 40 41 43 48 52 54 56 58 64 88 92 97 98 101 106 113 114 115 124 128 130 131 134 137 142 159 163 164 165 167 169 174 179 190 199 -1
3 11 12 13 17 20 26 28 29 36 59 62 66 79 83 88 96 97 107 114 115 116 124 129 142 144 146 148 150 154 155 159 165 166 174 176 179 180 -1
3 4 9 13 17 20 22 25 31 37 38 43 44 50 53 54 55 56 58 60 68 69 81 84 85 90 92 95 98 104 106 115 120 122 129 139 154 162 167 169 171 173 177 180 184 190 -1
15 16 20 26 30 33 34 44 47 53 57 59 66 68 74 80 81 83 85 106 112 117 120 123 125 127 128 136 146 149 153 154 156 169 170 172 174 175 176 181 184 185 -1
0 2 3 7 8 10 39 42 56 57 62 70 75 79 103 108 124 128 133 140 142 144 146 152 156 160 163 164 166 167 169 176 179 181 183 184 185 193 -1
6 11 13 20 22 24 25 27 28 36 43 58 64 65 66 68 72 81 85 95 96 97 102 110 115 116 132 138 140 143 149 160 162 165 168 176 177 181 183 185 190 193 194 -1