40
3 4 6 7 9 10 13 14 17 18 21 22 23 24 28 29 31 34 35 38 39 -1
4 5 7 9 10 11 13 15 16 19 21 23 26 27 28 30 31 33 34 35 36 38 -1
3 4 7 9 10 12 13 14 16 17 20 22 23 24 25 26 28 29 31 32 33 34 38 -1
0 2 4 6 7 10 11 12 13 14 15 16 18 19 22 23 25 26 27 28 30 35 36 -1
0 1 2 3 6 7 9 11 12 13 14 17 18 19 22 23 27 29 30 32 34 39 -1
1 7 8 9 10 12 13 15 17 19 21 22 28 29 34 35 38 -1
0 3 4 8 10 11 13 15 20 21 22 26 27 28 31 32 34 36 37 38 -1
0 1 2 3 4 5 9 10 12 14 15 16 18 20 22 24 26 28 29 30 31 32 34 35 39 -1
5 6 9 10 14 15 17 18 19 21 22 24 26 28 31 34 36 37 -1
0 1 2 4 5 7 8 12 13 14 15 16 17 18 24 26 27 29 30 33 34 35 37 -1
0 1 2 3 5 6 7 8 12 14 17 18 19 20 22 25 32 33 34 35 36 37 39 -1
1 3 4 6 12 13 15 16 17 19 20 22 24 25 27 29 31 32 33 34 37 -1
2 3 4 5 7 9 10 11 13 14 15 16 18 19 20 21 22 23 24 26 28 32 33 34 36 37 39 -1
0 1 2 3 4 5 6 9 11 12 15 16 21 22 23 24 28 29 30 31 33 35 37 38 -1
0 2 3 4 7 8 9 10 12 16 17 18 19 22 23 25 26 27 28 29 30 36 -1
1 3 5 6 7 8 9 11 12 13 16 17 18 20 28 31 33 34 35 37 38 39 -1
1 2 3 7 9 11 12 13 14 15 18 19 23 25 26 27 29 33 34 35 36 37 38 39 -1
0 2 4 5 8 9 10 11 14 15 18 22 23 24 25 27 28 31 36 37 38 39 -1
0 3 4 7 8 9 10 12 14 15 16 17 20 21 22 23 27 29 30 33 34 35 36 37 -1
1 3 4 5 8 10 11 12 14 16 23 25 27 28 29 31 32 35 37 39 -1
2 6 7 10 11 12 15 18 23 24 26 28 30 31 32 33 34 35 36 37 38 39 -1
0 1 5 6 8 12 13 18 22 23 25 29 31 33 35 37 38 39 -1
0 2 3 4 5 6 7 8 10 11 12 13 14 17 18 21 23 24 26 27 29 32 33 34 36 38 -1
0 1 2 3 4 12 13 14 16 17 18 19 20 21 22 24 26 31 33 36 38 -1
0 2 7 8 9 11 12 13 17 20 22 23 25 26 29 30 31 33 38 39 -1
2 3 10 11 14 16 17 19 21 24 28 29 31 32 33 34 37 39 -1
1 2 3 6 7 8 9 12 14 16 20 22 23 24 28 29 32 33 36 37 -1
1 3 4 6 9 11 14 16 17 18 19 22 28 29 30 31 32 33 34 36 37 39 -1
0 1 2 3 5 6 7 8 12 13 14 15 17 19 20 25 26 27 -1
0 2 4 5 7 9 11 13 14 16 18 19 21 22 24 25 26 27 31 32 35 36 37 38 -1
1 3 4 7 9 13 14 18 20 24 27 32 35 36 38 39 -1
0 1 2 6 7 8 11 13 15 17 19 20 21 23 24 25 27 29 32 38 -1
2 4 6 7 10 11 12 19 20 22 25 26 27 29 30 31 33 34 36 -1
1 2 9 10 11 12 13 15 16 18 20 21 22 23 24 25 26 27 32 34 36 38 -1
0 1 2 4 5 6 7 8 9 10 11 12 15 16 18 20 22 25 27 32 33 -1
0 1 3 5 7 9 10 13 15 16 18 19 20 21 29 30 37 38 39 -1
1 3 6 8 10 12 14 16 17 18 20 22 23 26 27 29 30 32 33 37 39 -1
6 8 9 10 11 12 13 15 16 17 18 19 20 21 25 26 27 29 35 36 -1
0 1 2 5 6 13 15 16 17 20 21 22 23 24 29 30 31 33 35 -1
0 4 7 10 12 15 16 17 19 20 21 24 25 27 30 35 36 -1