80
11 23 57 -1
4 20 32 -1
19 50 78 -1
36 37 50 -1
1 11 41 -1
9 54 59 -1
33 38 73 -1
36 37 39 -1
25 64 79 -1
5 58 61 -1
16 50 58 -1
0 4 61 -1
37 62 72 -1
19 28 78 -1
46 72 74 -1
45 52 73 -1
10 41 63 -1
41 48 75 -1
20 61 67 -1
2 13 35 -1
1 18 72 -1
30 43 49 -1
23 27 75 -1
0 22 43 -1
26 49 52 -1
8 36 78 -1
24 47 71 -1
22 54 75 -1
13 33 52 -1
40 46 54 -1
21 65 73 -1
35 59 69 -1
1 57 64 -1
6 28 51 -1
44 62 71 -1
19 31 44 -1
3 7 25 -1
3 7 12 -1
6 60 69 -1
7 43 55 -1
29 45 62 -1
4 16 17 -1
44 59 66 -1
21 23 39 -1
34 35 42 -1
15 40 48 -1
14 29 79 -1
26 53 57 -1
17 45 68 -1
21 24 65 -1
2 3 10 -1
33 60 69 -1
15 24 28 -1
47 56 74 -1
5 27 29 -1
39 64 70 -1
53 58 77 -1
0 32 47 -1
9 10 56 -1
5 31 42 -1
38 51 66 -1
9 11 18 -1
12 34 40 -1
16 68 77 -1
8 32 55 -1
30 49 70 -1
42 60 76 -1
18 71 74 -1
48 63 77 -1
31 38 51 -1
55 65 79 -1
26 34 67 -1
12 14 20 -1
6 15 30 -1
14 53 67 -1
17 22 27 -1
66 -1
56 63 68 -1
2 13 25 -1
8 46 70 -1