80
3 8 39 41 47 60 63 69 73 -1
15 28 47 54 58 64 65 71 74 -1
12 15 18 27 31 40 53 69 75 79 -1
0 12 25 38 43 49 63 66 67 73 -1
6 15 28 49 52 70 73 76 79 -1
15 20 22 26 33 39 58 70 78 -1
4 15 16 39 40 44 51 55 59 -1
8 24 30 31 35 37 49 63 64 78 -1
0 7 13 19 25 43 51 53 59 61 -1
17 22 30 31 45 46 61 70 71 72 -1
17 25 32 39 50 64 68 74 78 -1
16 20 23 26 30 40 48 52 55 79 -1
2 3 17 19 22 46 48 56 57 67 -1
8 32 34 41 46 59 62 63 67 -1
29 36 41 51 58 60 65 66 -1
1 2 4 5 6 38 74 77 -1
6 11 34 37 55 56 57 63 66 78 -1
9 10 12 31 34 45 48 51 72 -1
2 25 30 38 50 51 56 58 62 65 -1
8 12 30 44 52 60 68 74 75 76 -1
5 11 23 35 59 63 65 74 76 77 -1
32 41 42 44 48 54 57 59 62 -1
5 9 12 24 27 33 38 55 66 -1
11 20 28 33 38 45 57 71 75 -1
7 22 36 37 39 52 53 60 77 -1
3 8 10 18 53 61 66 69 70 79 -1
5 11 32 41 43 51 65 71 77 78 -1
2 22 30 34 35 38 41 45 53 72 -1
1 4 23 41 44 65 68 73 -1
14 32 34 36 38 52 54 68 78 79 -1
7 9 11 18 19 27 42 45 53 70 -1
2 7 9 17 48 55 69 76 77 -1
10 13 21 26 29 36 38 47 52 -1
5 22 23 34 37 42 57 60 78 -1
13 16 17 27 29 33 49 57 63 67 -1
7 20 27 37 40 43 50 53 61 78 -1
14 24 29 32 41 43 51 61 68 -1
7 16 24 33 35 44 58 61 69 -1
3 15 18 22 23 27 29 32 -1
0 5 6 10 24 44 49 58 64 65 -1
2 6 11 35 43 55 69 77 78 -1
0 13 14 21 26 27 28 36 42 57 -1
21 30 33 41 57 58 59 66 67 -1
3 8 26 35 36 40 44 48 50 56 -1
6 19 21 28 37 39 43 52 53 74 -1
9 17 23 27 30 47 59 65 71 -1
9 12 13 49 52 57 65 68 77 -1
0 1 32 45 49 55 60 62 76 -1
11 12 17 21 31 43 52 55 63 -1
3 4 7 34 39 46 47 60 63 -1
10 18 35 43 55 57 64 68 72 -1
6 8 14 17 18 26 36 55 56 76 -1
4 11 19 24 29 32 44 46 48 53 -1
2 8 24 25 27 30 35 44 52 79 -1
1 21 29 62 67 69 73 74 75 76 -1
6 11 16 22 31 40 47 48 50 51 -1
12 16 18 43 51 72 73 74 79 -1
12 16 21 23 33 34 41 42 46 50 -1
1 5 14 18 37 39 42 69 72 -1
6 8 13 20 21 42 45 62 -1
0 14 19 24 33 47 49 69 -1
8 9 25 35 36 37 65 71 74 77 -1
13 18 21 47 54 59 66 67 75 77 -1
0 3 7 13 16 20 34 48 49 -1
1 7 10 39 50 67 72 79 -1
1 14 18 20 26 28 39 45 46 61 -1
3 14 16 22 25 42 62 67 68 74 -1
3 12 13 34 42 54 62 64 66 -1
10 19 28 29 36 46 50 66 -1
0 2 25 31 37 40 54 58 60 -1
4 5 9 25 30 71 72 76 -1
1 9 23 26 45 61 70 79 -1
9 17 27 50 56 58 64 70 73 75 -1
0 3 4 28 54 56 72 75 77 -1
1 10 15 19 20 44 54 56 61 66 -1
2 19 23 54 62 72 73 76 -1
4 19 20 31 47 51 54 70 75 -1
15 20 24 26 31 40 46 61 62 73 -1
5 7 10 16 26 29 33 35 40 -1
2 4 11 25 29 53 56 64 71 -1