80
5 16 19 26 27 30 32 33 39 40 41 45 48 50 51 54 56 59 61 63 65 66 78 -1
13 16 18 20 21 24 25 26 27 34 37 47 48 50 53 56 59 62 63 64 68 70 76 77 78 -1
6 8 17 22 26 27 28 30 31 35 36 38 39 41 43 44 45 47 52 57 58 65 67 69 79 -1
4 11 16 17 19 20 22 23 41 42 44 45 53 55 56 57 66 68 71 72 76 77 78 -1
3 11 13 19 22 25 28 35 36 40 45 46 49 51 55 56 62 63 65 72 74 77 79 -1
0 6 10 14 15 16 23 27 31 33 35 36 40 43 45 52 53 60 63 66 67 69 71 75 -1
2 5 9 10 13 15 19 27 31 36 38 40 41 44 46 49 50 51 56 57 65 66 71 75 -1
9 10 15 17 18 19 20 23 31 36 40 43 45 48 50 51 56 57 58 62 63 65 67 71 73 74 -1
2 9 10 11 15 17 27 30 36 40 42 43 46 47 48 50 53 55 60 67 75 76 78 -1
6 7 8 10 11 14 15 19 21 29 31 32 35 36 38 49 52 55 56 59 63 65 66 67 69 73 76 -1
5 6 7 8 9 13 20 21 22 25 26 39 44 46 47 52 53 57 60 63 66 68 72 74 -1
3 4 8 9 12 14 15 17 20 23 34 35 36 38 45 47 53 60 62 64 71 72 76 77 -1
11 13 15 18 21 23 25 34 35 45 47 49 51 52 57 59 63 64 65 66 67 70 73 74 77 -1
1 4 6 10 12 17 19 31 32 34 36 40 41 43 44 46 49 56 57 61 63 64 65 66 68 77 79 -1
5 9 11 15 25 30 31 33 35 37 41 42 43 45 47 52 54 60 61 63 64 77 -1
5 6 7 8 9 11 12 14 20 21 24 29 31 34 37 48 50 51 52 53 71 72 73 76 78 -1
0 1 3 5 20 21 22 26 29 33 39 41 42 43 44 45 48 49 52 53 59 60 62 63 71 73 78 -1
2 3 7 8 11 13 20 28 34 35 36 37 40 41 44 50 54 58 64 73 75 79 -1
1 7 12 19 20 21 22 23 24 26 30 36 44 51 56 57 59 62 63 65 73 75 76 79 -1
0 3 4 6 7 9 13 18 20 22 23 25 28 34 35 37 38 44 47 50 60 65 70 71 74 78 -1
1 3 7 10 11 15 16 17 18 19 25 27 30 31 32 35 36 37 40 46 47 49 60 61 73 74 76 -1
1 9 10 12 15 16 18 23 24 28 36 38 40 43 53 55 57 58 66 67 68 70 77 -1
2 3 4 10 16 18 19 25 27 29 35 37 39 41 43 44 48 49 50 56 58 59 68 73 75 77 79 -1
3 5 7 11 12 18 19 21 24 25 29 31 33 40 42 47 50 58 68 69 70 71 78 -1
1 15 18 21 23 27 28 30 31 32 35 37 40 45 46 47 48 50 53 54 56 63 65 68 69 70 71 76 77 -1
1 4 10 12 14 19 20 22 23 27 29 31 32 39 43 46 51 52 53 54 62 63 64 70 75 77 -1
0 1 2 10 16 18 30 33 34 37 39 45 46 49 51 55 56 61 62 67 68 74 75 -1
0 1 2 5 6 8 20 22 24 25 33 34 37 40 42 45 47 50 52 53 55 58 64 68 71 78 79 -1
2 4 17 19 21 24 33 35 36 40 42 47 49 53 55 56 58 60 62 63 64 65 68 77 79 -1
9 15 16 22 23 25 30 32 33 35 36 37 48 49 50 55 56 60 62 63 64 68 74 75 77 -1
0 2 8 14 18 20 24 26 29 32 38 43 45 46 53 55 56 59 60 62 69 70 71 74 76 -1
2 5 6 7 9 13 14 15 20 23 24 25 32 40 41 42 46 51 56 57 60 61 62 63 67 71 73 -1
0 9 13 20 24 25 29 30 31 33 36 42 53 54 55 57 61 64 66 70 71 72 79 -1
0 5 14 16 23 26 27 28 29 32 36 43 45 47 48 50 52 54 58 59 65 66 68 69 70 75 79 -1
1 11 12 13 15 17 19 26 27 38 39 42 43 48 53 57 59 60 61 62 63 64 66 71 75 76 77 -1
2 4 5 9 11 12 14 17 19 20 22 24 28 29 43 47 55 57 61 66 69 72 78 -1
2 4 5 6 7 8 9 11 13 17 18 20 21 28 29 32 33 37 48 58 59 73 -1
1 14 15 17 19 20 22 24 26 27 29 36 39 41 42 44 49 55 57 59 62 69 70 74 -1
2 6 9 11 19 21 30 34 40 41 42 43 48 52 53 54 55 61 69 70 71 72 73 75 -1
0 2 10 16 22 25 26 34 37 43 46 47 52 55 57 60 66 67 68 70 72 76 77 78 -1
0 4 5 6 7 8 13 17 20 21 23 24 27 28 31 38 42 44 45 47 53 55 57 68 70 72 74 76 -1
0 2 3 6 13 14 16 17 22 31 37 38 42 43 46 50 53 57 58 66 74 76 77 78 -1
3 8 14 16 23 27 28 31 32 34 37 38 40 41 46 49 51 54 60 67 72 76 78 -1
2 5 7 8 13 14 16 21 22 25 30 33 34 35 38 39 41 49 63 65 69 73 74 -1
2 3 6 10 13 16 17 18 19 22 37 40 46 47 48 50 60 63 65 69 70 72 73 74 75 77 79 -1
0 2 3 4 5 7 11 12 14 16 24 26 27 30 33 40 47 48 50 52 55 61 62 70 72 -1
4 6 8 10 13 20 24 25 26 30 31 39 41 42 44 51 58 59 68 72 76 78 79 -1
1 2 8 10 11 12 14 19 20 23 24 27 28 33 35 39 40 44 45 53 57 65 71 -1
0 1 7 8 15 16 22 24 29 33 34 36 38 44 45 51 52 53 61 64 68 69 71 79 -1
4 6 9 12 13 16 20 22 26 28 29 37 42 43 50 52 55 57 58 64 65 67 69 70 73 74 78 -1
0 1 6 7 8 15 17 19 22 23 24 27 29 33 41 44 45 49 51 52 54 55 73 -1
0 4 6 7 12 15 18 25 26 31 42 46 48 50 53 56 57 58 60 62 67 69 70 71 75 77 -1
2 5 9 10 12 14 15 16 25 27 33 38 39 45 48 49 50 54 57 61 66 71 73 77 78 -1
1 3 5 8 10 11 15 16 21 24 25 27 28 30 32 34 38 40 41 47 48 51 61 66 -1
0 14 17 24 25 32 33 38 42 50 52 58 60 61 63 64 65 66 67 70 71 75 76 78 -1
3 4 8 9 21 26 27 28 29 30 32 35 37 38 39 40 45 49 50 60 65 66 67 71 73 77 78 -1
0 1 3 4 6 7 9 13 18 22 24 26 28 29 30 31 51 58 59 61 62 63 64 65 68 74 77 -1
2 3 6 7 10 12 13 18 21 31 32 34 35 37 39 40 41 47 49 51 52 60 61 64 67 68 78 -1
2 7 17 21 22 23 27 28 33 36 41 46 49 51 54 56 59 61 64 66 67 68 71 72 74 75 77 -1
0 1 9 12 16 18 22 30 33 34 36 37 46 56 58 61 63 66 68 69 71 72 77 78 -1
5 8 10 11 14 16 19 20 28 29 30 31 34 39 42 44 51 54 55 57 62 63 67 74 77 78 -1
0 13 14 20 26 31 32 34 35 38 45 48 52 53 54 56 57 58 59 62 64 66 70 74 77 79 -1
1 4 7 11 16 18 25 26 28 29 30 31 34 37 45 51 56 60 61 68 70 74 77 78 -1
0 1 4 5 7 9 10 12 13 14 16 18 24 25 28 29 31 34 43 44 54 56 59 60 74 79 -1
1 11 12 13 14 17 25 27 28 29 32 34 48 49 54 56 57 58 61 65 67 72 76 78 -1
0 2 4 6 7 9 12 13 18 19 24 28 33 43 44 47 49 54 55 56 64 72 74 79 -1
0 3 5 6 9 10 12 13 21 32 33 34 35 39 41 52 53 54 55 58 59 61 69 72 79 -1
2 5 7 8 9 12 21 26 31 39 42 49 51 54 55 57 58 60 64 69 72 74 75 79 -1
1 3 10 13 21 22 23 24 26 27 28 29 33 39 40 46 48 56 57 58 59 62 69 70 75 -1
2 5 9 23 24 30 33 35 37 38 43 44 48 49 51 59 66 67 68 70 72 74 75 76 79 -1
1 12 19 21 23 24 25 30 32 33 37 38 39 40 44 45 49 51 54 61 62 68 69 75 -1
3 5 6 7 11 15 16 19 23 24 27 30 31 32 34 38 47 48 51 52 54 55 58 59 -1
3 4 10 11 15 32 35 38 39 40 42 44 45 46 58 59 64 65 66 67 69 75 76 79 -1
7 9 12 15 16 17 18 20 22 31 36 38 43 44 49 50 52 55 -1
4 7 10 12 19 20 26 29 30 37 40 41 43 44 49 56 58 60 61 62 63 65 67 69 -1
5 6 8 17 18 22 25 26 29 33 34 38 44 51 54 58 67 68 69 70 72 76 79 -1
1 3 8 9 11 15 18 20 24 30 34 39 40 41 42 46 54 64 69 72 75 -1
1 3 4 11 12 13 14 21 22 24 25 28 29 34 39 41 44 51 52 55 56 58 59 60 61 62 -1
0 1 3 8 15 16 19 23 27 35 39 41 42 46 49 52 54 55 57 59 60 62 64 -1
2 4 13 17 18 22 27 28 32 33 44 46 48 61 63 65 66 67 69 72 75 -1