40
2 3 4 8 10 11 12 15 20 21 22 25 26 29 30 32 33 35 36 37 39 -1
2 3 7 8 9 11 12 13 14 15 16 18 19 21 22 24 26 27 28 29 33 34 35 39 -1
0 1 5 6 8 10 13 14 17 19 24 27 28 29 30 33 34 35 36 37 39 -1
0 1 4 6 8 10 11 13 14 15 19 22 24 25 27 28 30 32 36 38 39 -1
0 3 6 7 8 9 10 14 16 17 18 19 20 21 23 24 25 28 34 38 39 -1
2 6 7 9 10 12 13 15 16 19 20 22 24 25 27 28 29 35 38 39 -1
2 3 4 5 7 11 12 14 16 19 20 23 24 25 27 28 29 30 31 33 34 38 39 -1
1 4 5 6 8 10 11 12 13 14 16 17 21 23 27 28 29 33 34 35 37 -1
0 1 2 3 4 7 10 12 16 18 19 20 21 23 24 25 26 28 30 32 34 35 38 -1
1 4 5 10 11 16 17 19 20 21 25 29 30 32 34 35 36 38 -1
0 2 3 4 5 7 8 9 13 14 15 17 18 20 23 24 28 29 30 32 33 34 36 39 -1
0 1 3 6 7 9 12 13 15 19 20 22 23 24 25 28 30 32 33 34 35 36 37 -1
0 1 5 6 7 8 11 13 15 16 19 20 22 23 25 26 27 28 29 30 32 34 -1
1 2 3 5 7 10 11 12 14 16 17 20 21 22 23 24 25 26 30 32 37 39 -1
1 2 3 4 6 7 10 13 17 19 20 21 23 24 26 27 29 31 32 33 34 36 37 38 39 -1
0 1 3 5 10 11 12 16 17 18 19 21 22 23 24 26 27 28 30 32 33 35 -1
1 4 5 6 7 8 9 12 13 15 18 20 21 24 25 26 27 28 29 31 32 36 39 -1
2 4 7 9 10 13 14 15 22 23 27 29 30 31 33 34 35 36 37 39 -1
1 4 8 10 15 16 19 21 23 24 25 27 28 30 32 34 35 36 37 39 -1
1 2 3 4 5 6 8 9 11 12 14 15 18 21 22 24 28 33 34 35 36 37 -1
0 4 5 6 8 9 10 11 12 13 14 16 22 28 29 31 32 34 36 39 -1
0 1 4 7 8 9 13 14 15 16 18 19 22 23 24 26 27 29 30 35 37 38 39 -1
0 1 3 5 11 12 13 15 17 19 20 21 23 27 29 30 31 32 33 34 39 -1
4 6 7 8 10 11 12 13 14 15 17 18 21 22 25 26 28 32 34 35 38 -1
1 2 3 4 5 6 8 10 11 13 14 15 16 18 19 21 28 29 30 31 32 38 -1
0 3 4 5 6 8 9 11 12 13 16 18 23 26 27 28 29 31 32 34 36 37 39 -1
0 1 8 12 13 14 15 16 21 23 25 27 28 30 31 32 34 36 38 39 -1
1 2 3 5 6 7 12 14 15 16 17 18 21 22 25 26 32 33 34 35 37 38 -1
1 2 3 4 5 6 7 8 10 11 12 15 16 18 19 20 23 24 25 26 -1
0 1 2 5 6 7 9 10 12 14 16 17 20 21 22 24 25 -1
0 2 3 6 8 9 10 11 12 13 15 17 18 21 22 24 26 31 32 35 38 39 -1
6 14 16 17 20 22 24 25 26 30 32 33 35 36 37 38 39 -1
0 3 8 9 10 11 12 13 14 15 16 18 20 22 23 24 25 26 27 30 31 35 37 38 -1
0 1 2 6 7 10 11 14 15 17 19 22 27 31 35 37 38 39 -1
1 2 4 6 7 8 9 10 11 12 14 17 18 19 20 22 23 25 26 27 -1
0 1 2 5 7 8 9 11 15 17 18 19 21 23 27 30 31 32 33 36 37 38 -1
0 2 3 9 10 11 14 16 17 18 19 20 25 26 31 35 -1
0 2 7 11 13 14 17 18 19 21 25 27 31 32 33 35 38 -1
3 4 5 6 8 9 14 21 23 24 26 27 30 31 32 33 35 37 -1
0 1 2 3 4 5 6 10 13 14 16 17 18 20 21 22 25 26 30 31 33 -1