80
2 3 8 9 10 19 22 23 29 37 41 42 44 46 54 60 62 63 64 65 73 -1
9 12 13 18 25 29 33 34 36 45 48 52 53 55 59 61 63 64 65 69 72 73 74 76 78 -1
0 10 11 12 14 19 20 22 25 27 36 39 43 45 46 55 58 59 60 62 68 74 77 79 -1
0 4 10 13 17 18 23 24 25 28 32 33 34 35 40 46 55 58 59 61 62 64 66 71 73 76 -1
3 8 14 17 22 23 24 27 29 30 33 44 48 52 53 55 60 61 63 64 65 70 73 75 78 -1
6 8 11 12 14 16 20 22 37 45 50 52 53 54 56 58 62 63 66 67 72 74 77 -1
5 9 11 13 16 17 20 24 26 30 33 35 36 38 39 40 41 43 44 53 59 60 64 69 70 72 -1
8 18 19 20 21 22 23 27 30 34 42 45 46 48 52 54 55 64 68 69 70 72 74 75 76 78 -1
0 4 5 7 10 14 15 17 18 27 28 31 35 37 40 52 55 56 59 63 66 69 72 74 75 -1
0 1 6 10 11 14 15 23 28 30 31 37 50 51 53 54 58 61 64 65 66 68 71 72 77 -1
0 2 3 8 9 16 18 20 27 28 29 36 41 45 47 53 57 58 60 63 65 68 71 73 74 79 -1
2 5 6 9 13 14 17 18 20 27 30 34 37 39 42 44 51 52 56 62 64 67 72 77 78 -1
1 2 5 14 24 25 27 28 30 31 35 38 39 42 45 50 52 53 56 59 63 67 68 76 -1
1 3 6 11 14 15 19 25 26 27 30 37 38 39 47 49 55 57 59 63 64 65 66 68 73 76 -1
2 4 5 8 9 11 12 13 15 16 21 22 24 27 30 31 40 42 50 56 62 64 67 72 76 79 -1
8 9 13 14 19 21 24 31 38 39 40 45 46 48 49 51 53 56 62 64 65 67 69 72 73 75 79 -1
5 6 10 14 19 20 30 33 37 38 40 45 47 49 50 58 63 64 66 67 68 71 72 75 -1
3 4 6 8 11 23 24 39 45 48 52 55 56 58 60 63 65 67 68 69 76 77 -1
1 3 7 8 10 11 26 27 30 33 34 38 43 44 45 46 54 56 58 61 62 64 72 73 75 -1
0 2 7 13 15 16 21 22 24 26 27 28 30 32 33 35 40 43 44 46 62 63 64 65 68 69 79 -1
2 5 6 7 10 11 16 24 25 27 29 34 35 36 37 41 43 45 48 52 53 59 64 66 69 70 77 -1
7 14 15 19 24 26 33 34 36 42 44 47 50 53 55 59 61 64 65 67 71 75 76 -1
0 2 4 5 7 14 19 28 34 37 45 48 49 50 55 61 64 66 74 77 78 -1
0 3 4 7 9 17 29 30 31 33 34 35 36 38 42 44 47 52 55 60 62 64 68 76 78 -1
3 4 6 12 14 15 17 19 20 21 25 31 38 45 46 49 52 53 63 67 68 69 70 71 74 75 79 -1
1 2 3 12 13 20 24 31 32 35 36 38 39 44 48 52 56 57 58 64 70 72 76 77 78 79 -1
6 13 18 19 21 32 33 43 45 47 52 54 55 57 58 59 60 61 71 73 74 78 79 -1
2 4 7 8 10 11 12 13 14 18 19 20 29 34 38 39 40 42 49 57 64 66 76 78 -1
3 8 9 10 12 19 22 29 31 32 33 35 36 39 41 43 51 52 53 62 63 64 65 72 73 -1
0 1 4 10 20 23 27 28 31 34 39 43 44 46 47 49 50 52 60 63 64 66 67 69 70 73 79 -1
4 6 7 9 11 12 13 14 16 18 19 23 34 37 39 42 43 45 50 54 55 66 67 69 72 -1
8 9 12 14 15 23 24 25 28 29 32 35 36 37 42 43 45 49 50 53 57 58 62 66 70 75 -1
3 19 25 26 28 31 33 39 43 45 46 51 52 54 56 58 60 61 62 63 64 65 70 72 74 -1
1 3 4 6 16 18 19 21 23 26 28 32 34 36 38 40 41 46 51 54 61 67 68 70 74 76 79 -1
1 3 7 11 18 20 21 22 23 27 29 30 33 36 37 39 42 44 45 47 50 51 52 55 71 -1
3 6 8 12 19 20 23 25 28 31 39 41 46 51 52 53 58 61 62 63 67 69 70 71 -1
1 2 6 10 20 21 23 25 28 31 33 34 38 43 44 50 51 53 55 61 62 70 71 76 77 -1
0 5 8 9 11 13 16 20 22 30 31 34 47 52 54 55 62 66 68 70 74 -1
6 12 13 15 16 18 23 24 25 27 33 36 42 43 44 51 55 58 59 60 65 66 69 70 -1
2 6 11 12 13 15 17 25 27 28 29 30 32 34 35 41 42 43 49 53 62 66 69 73 -1
3 6 8 14 15 16 19 27 33 43 45 46 47 49 52 55 56 58 60 61 67 73 78 79 -1
0 6 10 20 28 33 35 39 42 43 44 48 49 50 51 52 54 58 61 62 67 69 77 78 79 -1
0 7 11 12 14 21 23 27 30 31 34 38 39 41 45 47 57 58 60 65 77 -1
2 6 18 19 20 26 28 29 30 31 32 36 38 39 40 41 47 48 52 54 56 57 59 65 72 -1
0 4 6 11 18 19 21 23 25 29 34 36 38 41 47 48 49 51 53 59 60 67 69 70 73 75 76 78 -1
1 2 5 7 10 12 15 16 17 18 20 22 24 26 30 31 32 34 40 42 72 -1
0 2 3 7 15 18 19 24 29 32 33 35 40 51 52 59 66 70 71 76 77 78 -1
10 13 16 21 23 26 29 34 37 40 42 43 44 48 49 55 56 57 58 59 60 63 72 78 -1
1 4 7 15 17 20 22 25 41 43 44 47 53 55 58 60 62 63 65 70 71 73 79 -1
13 15 16 22 24 27 29 31 39 40 41 44 47 50 55 57 58 60 61 67 68 70 79 -1
5 9 12 14 16 21 22 29 30 31 34 36 41 49 52 53 54 56 57 58 59 61 68 70 75 79 -1
9 11 15 28 32 33 34 35 36 38 41 44 46 54 58 61 62 66 67 68 72 73 76 -1
1 4 5 7 8 11 12 17 20 23 24 25 26 28 29 32 34 35 37 40 41 43 46 50 61 66 78 -1
1 4 5 6 9 10 12 15 20 21 24 28 31 35 36 39 44 48 50 56 62 73 75 76 78 -1
0 5 7 9 18 26 30 32 33 37 41 43 50 51 61 63 65 69 70 73 74 75 76 77 -1
1 2 3 4 7 8 13 17 21 22 23 26 30 34 36 37 38 40 47 48 49 -1
5 8 11 12 14 15 17 18 25 32 40 43 47 50 53 57 59 66 67 68 70 74 75 76 -1
10 13 25 26 27 31 42 43 47 49 50 56 60 61 62 68 71 75 76 77 79 -1
2 3 5 9 10 16 17 18 25 26 31 32 35 38 40 41 42 47 48 49 50 51 -1
1 2 3 6 8 12 13 20 21 26 38 43 44 46 47 50 56 61 68 70 71 76 77 78 79 -1
0 2 4 6 10 17 23 26 29 32 38 40 42 44 47 48 49 57 61 65 68 70 72 74 77 78 79 -1
1 3 4 9 18 21 22 26 32 33 35 36 40 41 49 50 51 52 54 57 59 60 66 68 -1
0 2 3 5 11 14 15 18 19 23 28 31 32 35 36 37 39 41 48 51 53 57 70 75 76 -1
0 1 4 5 8 10 12 13 16 17 19 24 28 29 32 35 47 48 54 71 75 76 77 78 79 -1
0 1 3 4 6 7 9 11 13 14 15 16 18 19 20 21 22 23 25 27 28 29 32 -1
0 1 4 9 10 13 15 17 19 21 28 32 38 42 43 48 54 60 69 71 75 78 79 -1
3 5 8 9 13 16 20 22 27 29 30 31 37 38 39 46 51 52 56 61 68 69 70 74 75 77 79 -1
5 11 12 14 15 16 17 21 24 29 30 33 35 40 41 44 49 51 56 -1
2 7 9 10 12 13 16 17 19 23 24 33 37 49 50 51 56 57 59 60 61 66 70 71 75 78 -1
1 6 7 8 15 17 19 20 24 29 30 35 38 39 41 44 54 65 66 71 72 76 79 -1
4 6 7 20 24 25 29 31 32 33 35 36 37 38 44 46 48 49 50 54 56 59 60 62 66 68 72 -1
3 9 10 16 21 24 26 34 35 36 46 48 57 59 63 65 68 69 72 74 75 78 79 -1
1 5 6 7 8 9 11 14 15 16 18 25 28 30 32 43 45 47 51 60 69 70 71 75 77 -1
0 1 3 4 10 13 15 18 26 28 29 39 40 44 48 51 53 54 -1
1 2 5 7 8 10 22 24 26 32 33 37 54 56 60 66 71 75 77 -1
4 7 8 15 16 18 21 24 31 44 50 53 54 56 57 62 63 65 66 68 71 72 74 -1
1 3 7 12 13 14 17 21 23 25 27 33 36 44 46 51 53 54 56 57 59 62 63 69 -1
2 5 9 11 17 20 22 25 36 41 42 46 54 57 59 60 63 66 72 74 -1
1 4 7 11 22 23 25 26 27 40 41 44 46 47 52 53 59 60 63 65 68 71 -1
2 10 14 15 19 24 25 26 29 33 40 41 48 49 50 57 59 60 63 65 66 69 71 -1