200
34 134 136 -1
30 62 118 -1
74 81 116 -1
85 99 169 -1
36 67 124 -1
68 74 195 -1
24 124 130 -1
95 99 136 -1
134 187 189 -1
35 39 116 -1
47 62 127 -1
77 93 184 -1
73 151 194 -1
24 196 198 -1
90 106 110 -1
48 68 127 -1
30 142 176 -1
23 52 190 -1
39 40 122 -1
111 116 178 -1
33 66 191 -1
69 158 191 -1
27 74 80 -1
17 34 167 -1
6 13 171 -1
87 158 -1
114 159 162 -1
22 59 173 -1
93 151 154 -1
50 98 99 -1
1 16 75 -1
36 44 155 -1
42 103 189 -1
20 123 127 -1
0 23 123 -1
9 63 85 -1
4 31 157 -1
46 63 131 -1
117 124 193 -1
9 18 43 -1
18 112 138 -1
52 142 199 -1
32 107 155 -1
39 77 146 -1
31 129 196 -1
88 157 169 -1
37 161 199 -1
10 60 176 -1
15 103 167 -1
61 147 178 -1
29 55 161 -1
53 92 165 -1
17 41 187 -1
51 140 198 -1
119 160 178 -1
50 58 198 -1
58 144 196 -1
58 93 167 -1
55 56 57 -1
27 73 113 -1
47 153 179 -1
49 143 162 -1
1 10 90 -1
35 37 105 -1
88 139 153 -1
78 168 194 -1
20 133 189 -1
4 105 123 -1
5 15 172 -1
21 140 181 -1
78 89 115 -1
109 115 164 -1
132 157 161 -1
12 59 176 -1
2 5 22 -1
30 77 96 -1
139 170 173 -1
11 43 75 -1
65 70 179 -1
111 173 199 -1
22 84 136 -1
2 88 111 -1
156 179 183 -1
145 155 170 -1
80 104 139 -1
3 35 165 -1
119 149 162 -1
25 96 166 -1
45 64 81 -1
70 175 194 -1
14 62 112 -1
112 122 131 -1
51 108 180 -1
11 28 57 -1
98 153 185 -1
7 101 154 -1
75 87 191 -1
128 160 163 -1
29 94 142 -1
3 7 29 -1
108 183 186 -1
95 149 165 -1
138 145 154 -1
32 48 132 -1
84 149 163 -1
63 67 174 -1
14 177 187 -1
42 118 156 -1
92 100 135 -1
71 145 147 -1
14 140 148 -1
19 79 81 -1
40 90 91 -1
59 114 120 -1
26 113 137 -1
70 71 184 -1
2 9 19 -1
38 185 188 -1
1 107 137 -1
54 86 169 -1
113 151 171 -1
126 135 181 -1
18 91 195 -1
33 34 67 -1
4 6 38 -1
133 143 193 -1
121 168 193 -1
10 15 33 -1
97 152 163 -1
44 166 186 -1
6 132 160 -1
37 91 164 -1
72 103 130 -1
66 125 164 -1
0 8 143 -1
108 121 146 -1
0 7 80 -1
114 118 177 -1
40 102 147 -1
64 76 84 -1
53 69 110 -1
156 168 197 -1
16 41 98 -1
61 125 134 -1
56 148 185 -1
83 102 109 -1
43 135 150 -1
49 109 138 -1
110 144 174 -1
86 101 104 -1
146 171 195 -1
12 28 120 -1
128 190 197 -1
60 64 94 -1
28 95 102 -1
31 42 83 -1
82 107 141 -1
36 45 72 -1
21 25 -1
26 175 184 -1
54 97 130 -1
46 50 72 -1
26 61 86 -1
97 104 128 -1
71 131 133 -1
51 85 101 -1
87 129 174 -1
23 48 57 -1
65 126 141 -1
3 45 119 -1
76 83 183 -1
24 120 150 -1
68 175 177 -1
27 76 79 -1
105 148 166 -1
89 159 172 -1
16 47 73 -1
106 137 172 -1
19 49 54 -1
60 78 82 -1
92 192 197 -1
69 121 190 -1
186 188 -1
82 100 170 -1
11 115 159 -1
94 117 144 -1
100 129 182 -1
8 52 106 -1
117 182 -1
8 32 66 -1
17 152 181 -1
20 21 96 -1
180 -1
38 125 126 -1
12 65 89 -1
5 122 150 -1
13 44 56 -1
141 152 180 -1
13 53 55 -1
41 46 79 -1