200
2 7 15 36 78 103 120 124 175 199 -1
10 42 44 54 62 90 92 121 150 196 -1
0 13 16 66 84 96 103 114 134 160 -1
6 14 21 60 84 103 121 144 155 -1
33 36 71 80 88 106 138 140 191 199 -1
8 44 69 115 125 140 159 160 175 192 -1
3 26 129 136 137 147 159 187 199 -1
0 39 51 53 59 60 77 88 104 144 -1
5 19 49 72 103 127 137 140 171 192 -1
31 37 61 107 127 145 146 187 188 -1
1 39 40 47 58 89 95 157 161 177 -1
23 70 81 86 124 137 154 164 192 -1
16 40 65 93 94 105 150 154 158 192 -1
2 17 29 41 55 93 116 121 188 196 -1
3 20 74 84 107 109 119 121 127 138 -1
0 29 49 50 59 144 162 163 168 191 -1
2 12 74 78 88 91 115 121 132 165 -1
13 42 46 49 75 79 83 105 131 184 -1
30 61 96 98 99 100 113 129 162 169 -1
8 22 66 87 102 119 130 158 173 186 -1
14 76 90 93 110 111 131 148 166 186 -1
3 75 105 111 153 168 169 171 175 177 -1
19 25 31 44 48 62 99 159 166 183 -1
11 32 41 54 64 101 144 159 173 197 -1
40 55 81 84 137 152 165 175 177 -1
22 42 56 93 97 144 150 187 190 193 -1
6 73 101 119 130 133 143 176 186 -1
34 40 45 46 58 86 89 136 163 187 -1
30 51 101 107 110 124 133 135 160 179 -1
13 15 44 50 69 135 139 140 142 171 -1
18 28 37 56 115 154 164 165 171 184 -1
9 22 40 87 120 125 132 144 164 173 -1
23 45 56 57 100 114 136 151 154 160 -1
4 66 78 89 114 119 135 161 172 193 -1
27 61 63 69 86 114 128 142 182 199 -1
57 92 109 134 137 159 162 179 194 196 -1
0 4 104 141 157 164 173 177 185 193 -1
9 30 45 60 77 128 162 174 176 -1
42 86 94 114 123 146 147 189 194 197 -1
7 10 56 65 81 85 121 125 180 195 -1
10 12 24 27 31 60 86 119 129 159 -1
13 23 46 71 82 103 142 146 148 181 -1
1 17 25 38 45 82 99 110 157 175 -1
71 78 91 104 137 160 191 197 199 -1
1 5 22 29 62 77 102 113 125 171 -1
27 32 37 42 49 88 111 128 131 170 -1
17 27 41 69 74 76 91 130 150 180 -1
10 59 98 109 117 149 176 187 188 194 -1
22 62 93 103 124 130 151 164 183 -1
8 15 17 45 61 94 167 175 192 198 -1
15 29 53 58 60 73 76 124 163 172 -1
7 28 64 79 114 116 122 124 168 184 -1
64 68 74 102 134 140 153 157 187 197 -1
7 50 68 79 80 94 147 162 183 191 -1
1 23 79 86 92 104 121 126 135 199 -1
13 24 58 67 74 96 108 116 126 -1
25 30 32 39 63 65 77 101 165 194 -1
32 35 60 76 86 95 101 150 158 170 -1
10 27 50 55 70 108 168 172 194 -1
7 15 47 71 77 103 108 116 134 146 -1
3 7 37 40 50 57 79 104 111 121 -1
9 18 34 49 120 139 143 148 165 195 -1
1 22 44 48 73 100 110 131 168 175 -1
34 56 72 77 91 96 125 159 166 196 -1
23 51 52 105 112 139 141 151 171 187 -1
12 39 56 67 83 89 100 131 189 194 -1
2 19 33 70 97 105 134 163 184 190 -1
55 65 70 76 101 127 142 148 149 196 -1
52 53 69 120 128 129 155 165 178 190 -1
5 29 34 46 68 92 100 108 168 172 -1
11 58 66 67 82 121 123 147 149 160 -1
4 41 43 59 77 87 141 182 190 194 -1
8 63 100 101 115 131 132 175 176 186 -1
26 50 62 77 83 127 178 183 194 195 -1
14 16 46 52 55 93 94 156 159 196 -1
17 21 89 98 102 112 139 171 176 182 -1
20 46 50 57 67 84 105 135 161 178 -1
7 37 44 56 59 63 71 73 155 188 -1
0 16 33 43 80 83 132 152 171 191 -1
17 51 53 54 60 91 127 152 165 172 -1
4 53 78 91 109 141 151 152 162 165 -1
11 24 39 115 122 128 136 153 154 167 -1
41 42 70 91 107 122 146 148 176 198 -1
17 65 73 78 96 105 114 125 135 173 -1
2 3 14 24 76 109 118 121 137 199 -1
39 99 107 113 127 138 165 182 184 190 -1
11 27 34 38 40 54 57 93 116 180 -1
19 31 71 98 127 132 138 150 168 177 -1
4 7 16 45 100 117 128 167 183 189 -1
10 27 33 65 75 97 115 145 162 170 -1
1 20 107 117 131 142 160 177 179 197 -1
16 43 46 63 79 80 82 99 112 145 -1
1 35 54 69 93 107 135 181 185 195 -1
12 13 20 25 48 74 86 92 131 141 -1
12 38 49 53 74 95 144 162 163 195 -1
10 57 94 107 109 129 143 146 150 177 -1
2 18 55 63 83 120 123 166 177 179 -1
25 66 89 106 134 140 155 160 181 188 -1
18 47 75 87 143 156 172 192 195 197 -1
18 22 42 85 91 103 112 123 166 195 -1
18 32 62 65 69 72 88 103 145 168 -1
23 26 28 56 57 67 72 114 116 159 -1
19 44 52 75 150 159 165 171 182 197 -1
0 2 3 8 41 48 59 99 100 110 -1
7 36 43 54 60 118 141 164 179 -1
12 17 21 64 66 76 83 136 139 197 -1
4 97 111 127 133 158 174 176 185 191 -1
9 14 28 82 85 90 92 95 147 198 -1
55 58 59 69 124 145 150 174 -1
14 35 47 80 84 95 118 130 137 168 -1
20 28 42 62 103 141 154 157 166 168 -1
20 21 45 60 106 120 131 133 139 181 -1
64 75 91 99 142 169 173 195 198 199 -1
18 44 85 115 119 127 142 185 195 198 -1
2 32 33 34 38 51 83 101 171 187 -1
5 16 30 72 81 89 113 136 146 150 -1
13 51 55 59 86 101 128 139 149 -1
47 88 90 129 131 145 146 175 190 198 -1
84 104 109 123 133 156 161 175 177 184 -1
14 19 26 33 40 113 142 172 177 -1
0 31 61 68 96 111 139 153 176 178 -1
1 3 13 14 16 39 54 60 70 84 -1
51 81 82 134 137 145 158 164 166 198 -1
38 70 96 99 118 132 176 196 -1
0 11 28 48 50 51 108 176 196 -1
5 31 39 44 63 83 130 148 181 198 -1
54 55 136 139 143 149 152 170 183 193 -1
8 9 14 67 73 79 85 87 106 113 -1
34 37 45 68 81 88 116 135 147 187 -1
6 18 40 68 95 117 142 162 163 174 -1
19 26 46 48 109 125 160 162 188 191 -1
17 20 45 62 65 72 90 93 111 117 -1
16 31 72 78 87 123 143 158 167 -1
26 28 106 111 118 142 143 154 169 170 -1
2 35 52 59 66 97 122 149 154 189 -1
28 29 33 54 76 83 92 128 166 182 -1
6 27 32 81 105 115 126 143 156 182 -1
6 8 11 24 35 43 84 109 122 -1
4 14 85 87 151 167 180 188 192 196 -1
29 61 64 75 105 111 116 120 126 -1
4 5 8 29 52 97 148 161 181 184 -1
36 64 71 80 93 104 110 145 193 -1
29 34 41 67 90 112 113 119 129 133 -1
26 61 95 98 126 132 133 136 158 180 -1
3 7 15 23 25 31 94 154 183 194 -1
9 89 91 100 108 117 122 141 160 167 -1
9 38 41 59 82 95 115 117 181 187 -1
6 38 53 70 107 128 149 151 192 198 -1
20 41 61 67 82 125 140 174 183 185 -1
47 67 70 116 126 134 147 164 169 198 -1
1 12 25 46 57 87 95 102 108 115 -1
32 48 64 80 138 147 166 167 180 192 -1
24 78 79 80 126 156 166 180 183 186 -1
21 52 81 120 157 161 169 173 180 199 -1
11 12 30 32 81 110 133 134 144 -1
3 68 77 97 164 169 173 174 181 189 -1
74 98 118 136 152 161 163 181 189 -1
10 36 42 52 110 153 172 174 180 197 -1
12 19 57 106 122 132 143 189 193 195 -1
5 6 22 23 35 40 63 74 101 102 -1
2 5 28 32 43 70 90 97 130 145 -1
10 33 76 118 140 153 156 174 185 -1
15 18 35 37 53 80 89 94 129 130 -1
15 27 50 66 94 129 156 164 183 191 -1
11 30 31 36 48 104 122 149 155 163 -1
16 24 30 56 61 68 79 80 85 102 -1
20 22 63 96 99 110 122 135 151 152 -1
49 81 88 132 138 145 151 173 178 191 -1
15 21 51 58 62 69 87 100 109 110 -1
18 21 112 133 149 153 155 184 188 190 -1
45 57 89 126 133 174 184 193 194 -1
8 21 29 30 44 64 75 78 102 114 -1
33 50 58 69 79 98 119 157 173 179 -1
19 23 31 36 83 112 153 155 167 172 -1
37 106 108 129 148 155 157 161 170 -1
0 5 21 24 42 49 62 72 117 118 -1
26 37 47 72 75 82 106 120 123 124 -1
10 21 24 36 87 90 95 96 118 119 -1
68 73 76 120 167 185 186 189 199 -1
28 35 90 96 104 172 186 190 191 -1
39 46 86 138 143 151 152 153 157 188 -1
41 92 97 111 125 140 146 155 156 190 -1
34 71 75 85 102 135 136 189 193 197 -1
22 48 53 73 88 126 144 148 152 163 -1
17 30 51 66 85 118 140 169 170 -1
36 92 106 113 148 161 178 188 192 193 -1
19 20 26 72 152 178 179 193 -1
6 9 25 27 47 52 64 114 128 146 -1
9 13 47 77 97 130 138 169 180 185 -1
38 65 88 134 155 156 158 178 182 -1
25 66 68 71 85 117 169 179 181 -1
4 15 43 53 78 106 130 163 167 179 -1
5 8 11 12 49 98 138 147 151 185 -1
25 33 36 126 141 158 170 182 185 186 -1
35 38 47 56 58 65 71 73 144 170 -1
39 61 73 92 94 98 99 112 113 158 -1
1 13 35 63 67 74 123 124 138 -1
23 38 43 52 90 98 102 105 157 182 -1
49 82 107 112 113 117 122 125 147 149 -1
0 4 6 34 43 54 84 112 153 178 -1