80
2 5 7 8 14 16 17 18 21 22 23 24 26 27 28 29 30 32 33 34 35 36 41 42 43 45 48 53 55 59 60 63 67 69 70 74 75 77 79 -1
2 3 4 6 7 18 19 21 22 23 25 26 28 29 30 31 32 40 43 44 45 48 49 50 55 56 57 58 59 61 62 68 69 71 72 75 78 -1
0 1 3 6 8 13 15 16 19 24 25 26 29 31 33 34 35 36 38 39 40 42 49 51 54 56 57 58 59 60 61 65 66 67 68 73 74 76 77 -1
1 2 4 11 14 16 17 19 20 21 24 26 27 28 29 32 33 36 38 39 40 41 49 53 55 56 57 61 62 63 64 66 67 68 69 78 -1
1 3 7 8 9 12 15 16 17 27 28 30 32 33 35 38 39 41 42 46 47 48 49 52 53 54 55 58 60 61 63 70 71 73 76 -1
0 11 16 17 19 20 21 22 23 24 25 26 28 29 30 32 39 40 41 42 43 44 45 46 50 53 55 57 58 60 63 65 66 71 73 74 -1
1 2 7 8 9 13 15 17 18 19 24 27 29 30 31 32 33 35 41 44 46 47 50 51 52 54 55 56 59 61 66 67 69 70 74 75 76 78 -1
0 1 4 6 9 10 13 14 16 17 20 22 27 31 34 36 39 41 43 45 55 56 57 58 59 60 63 65 66 68 69 70 72 74 75 79 -1
0 2 4 6 14 18 20 21 22 27 28 31 38 41 44 45 46 52 53 58 61 62 64 65 66 67 69 71 73 78 79 -1
4 6 7 10 14 15 17 18 19 20 23 24 25 27 31 34 39 40 41 43 44 48 49 51 52 58 62 63 65 66 68 69 74 75 76 79 -1
7 9 15 16 17 18 19 20 23 24 26 27 29 31 32 34 37 39 40 42 44 47 51 52 53 54 55 60 63 65 66 69 70 72 73 74 75 79 -1
3 5 13 14 15 17 19 20 21 25 29 33 34 36 37 38 41 42 44 45 49 51 52 53 60 62 64 68 69 70 71 73 76 78 -1
4 13 20 21 22 23 24 25 27 28 29 30 32 33 34 38 40 44 45 47 48 51 54 56 57 62 63 64 67 71 72 73 74 76 77 78 79 -1
2 6 7 11 12 14 18 21 22 23 24 26 27 28 29 35 36 37 42 43 44 47 48 50 51 56 58 59 63 65 66 67 68 71 74 75 76 -1
0 3 7 8 9 11 13 15 16 17 18 21 26 28 29 30 32 34 35 39 40 43 44 46 47 52 53 54 56 59 60 61 62 66 67 70 71 73 74 76 -1
2 4 6 9 10 11 14 17 23 24 26 29 31 32 33 34 36 38 42 43 45 47 49 52 53 55 58 60 62 68 70 73 75 76 77 78 -1
0 2 3 4 5 7 10 14 19 22 30 32 34 39 40 45 46 48 49 51 53 54 55 57 58 61 65 66 67 73 74 75 -1
0 3 4 5 6 7 9 10 11 14 15 23 30 36 38 40 41 45 48 49 50 51 55 56 57 58 61 62 64 66 67 68 70 71 73 74 75 77 78 -1
0 1 6 8 9 10 13 14 19 20 21 22 25 26 27 29 30 31 35 37 42 44 46 47 50 52 53 61 69 73 74 75 78 79 -1
1 2 3 5 6 9 10 11 16 18 20 22 25 26 28 29 32 37 39 41 44 45 46 49 52 54 57 62 63 64 68 76 77 78 79 -1
3 5 7 8 9 10 11 12 18 19 21 22 23 24 30 31 33 34 35 38 41 42 44 52 53 55 58 59 60 63 64 67 70 71 73 77 -1
0 1 3 5 8 11 12 13 14 18 20 25 26 29 30 34 35 36 40 41 43 44 46 52 54 55 57 59 64 65 66 67 70 71 73 74 76 77 79 -1
0 1 5 7 8 12 13 16 18 19 20 23 24 26 27 29 30 31 33 39 41 44 46 49 55 61 64 66 67 68 71 73 75 76 77 79 -1
0 1 5 9 10 12 13 15 17 20 22 25 29 30 32 35 36 41 42 43 45 52 53 54 55 56 57 59 60 62 65 69 70 74 75 77 78 -1
0 2 3 5 6 9 10 12 13 15 20 22 25 26 27 29 32 34 35 40 41 43 46 49 50 51 52 53 54 57 60 68 69 70 73 76 79 -1
1 2 5 9 11 12 18 19 21 23 24 31 34 35 39 40 42 43 44 46 47 50 51 52 56 57 58 60 63 67 68 69 70 71 73 75 77 79 -1
0 1 2 3 5 10 13 14 15 18 19 21 22 24 29 32 33 34 37 42 44 46 48 49 50 55 56 63 64 65 66 67 69 73 74 76 77 -1
0 3 4 6 7 8 9 10 12 13 18 22 24 29 32 33 36 37 39 41 46 50 51 52 53 54 58 59 66 67 70 74 -1
0 1 3 4 5 8 12 13 14 19 29 31 34 39 41 42 44 46 48 49 51 52 53 54 58 59 61 63 68 69 71 75 76 78 -1
0 1 2 3 5 6 10 11 12 13 14 15 18 19 21 22 23 24 26 27 28 32 37 39 41 47 48 49 50 51 52 56 58 61 62 64 68 71 77 78 -1
0 1 4 5 6 12 14 16 17 18 20 21 22 23 32 33 36 37 38 40 41 46 51 52 53 65 66 68 69 71 73 74 76 77 78 79 -1
1 2 6 7 8 9 10 15 18 20 22 25 28 33 34 35 39 40 43 48 50 51 55 56 58 61 62 63 64 65 68 70 71 72 75 76 77 78 -1
0 1 3 4 5 6 10 12 14 15 16 19 23 24 26 27 29 30 33 35 36 38 39 42 43 48 50 55 57 67 68 69 71 72 78 -1
0 2 3 4 6 11 12 15 20 22 26 27 30 31 32 35 37 39 41 42 43 44 47 50 51 52 56 59 62 63 70 72 73 74 75 79 -1
0 2 7 9 10 11 12 14 15 16 20 21 24 25 26 28 31 35 36 37 38 42 43 45 47 48 49 54 57 58 59 61 65 67 69 75 77 78 -1
0 2 4 6 13 14 18 20 21 23 24 25 31 32 33 34 36 39 40 43 44 46 50 51 54 56 57 58 59 60 61 62 64 72 74 79 -1
0 2 3 7 11 13 15 17 21 23 27 30 32 34 35 38 40 41 42 44 45 46 49 50 51 52 53 58 59 60 64 66 68 69 71 73 74 75 77 79 -1
10 11 13 18 19 26 27 29 30 33 34 39 40 41 42 45 46 48 50 55 58 59 60 62 64 67 69 71 72 73 74 75 77 78 79 -1
2 3 4 8 11 12 15 17 20 30 32 34 36 40 41 43 46 52 54 55 58 60 62 63 65 66 67 69 71 75 77 79 -1
2 3 4 5 7 9 10 14 16 19 22 25 27 28 29 31 32 33 35 37 40 43 48 50 52 53 58 63 65 66 70 74 77 78 79 -1
1 2 3 5 9 10 12 14 16 17 21 24 25 30 31 35 36 37 38 39 41 43 45 46 48 51 56 57 60 62 64 67 69 70 75 78 -1
0 3 4 5 6 7 8 9 11 17 19 20 21 22 23 24 27 28 29 30 33 36 37 38 40 46 48 50 54 55 56 65 66 72 79 -1
0 2 4 5 10 11 13 15 18 20 23 25 26 28 32 33 34 36 37 43 47 48 51 52 54 56 58 59 60 61 62 66 67 68 69 72 74 -1
0 1 5 7 9 13 14 15 21 23 24 25 31 32 33 34 35 38 39 40 42 45 46 47 49 52 55 56 61 63 67 69 71 73 76 77 79 -1
1 5 6 8 9 10 11 12 13 14 18 19 20 21 22 25 26 28 33 35 36 45 46 47 50 52 54 60 62 63 64 67 69 70 72 78 79 -1
0 1 5 7 8 11 12 15 16 17 19 23 34 36 37 40 43 44 46 51 52 53 54 55 56 57 58 59 60 62 67 69 71 72 73 74 77 -1
4 5 6 8 14 16 18 19 21 22 24 25 26 27 28 30 35 36 37 38 40 41 43 44 45 49 52 56 57 60 62 63 64 65 67 68 69 71 72 -1
4 6 10 12 13 14 15 18 25 29 33 34 42 43 44 49 53 55 57 58 59 60 61 62 64 65 68 69 70 71 72 78 -1
0 1 4 9 12 13 16 17 26 28 29 31 32 34 37 39 40 41 42 49 50 52 53 54 60 61 62 63 64 65 66 67 68 70 71 73 76 79 -1
1 2 3 4 9 11 15 16 17 19 22 24 26 28 29 34 36 43 46 47 48 53 54 55 56 57 58 59 62 63 64 66 68 72 73 74 75 -1
1 5 6 13 17 18 24 25 26 27 29 31 32 33 35 36 37 39 41 44 48 51 53 56 58 59 60 61 66 69 71 72 75 76 79 -1
2 6 9 10 11 12 13 16 17 24 25 27 28 29 30 31 33 35 36 40 42 45 50 53 54 55 57 58 59 61 62 63 64 65 69 71 76 78 79 -1
4 6 8 9 10 11 14 15 18 19 20 21 23 24 25 27 28 29 30 33 36 38 39 42 43 44 45 46 48 56 57 63 65 67 68 71 73 76 78 -1
0 3 4 5 8 10 11 14 15 16 18 20 23 24 27 28 30 36 39 45 47 48 49 50 51 55 59 65 66 67 68 71 73 76 78 -1
2 4 6 10 12 14 16 19 21 23 24 27 28 34 35 38 41 42 44 45 48 49 51 55 56 57 58 59 60 61 62 63 68 69 70 71 76 -1
0 1 3 4 5 6 7 10 15 16 17 20 21 22 23 26 31 32 37 38 41 43 45 47 49 51 53 54 57 59 60 64 67 68 69 73 76 78 -1
1 2 3 6 7 12 13 14 17 23 25 26 29 31 33 35 40 41 42 43 45 46 49 50 52 54 62 63 64 66 70 71 72 74 79 -1
1 2 3 5 7 12 16 17 19 21 23 24 25 32 34 35 40 45 46 47 49 51 52 54 55 60 62 63 64 66 67 70 71 73 76 -1
1 2 4 5 7 8 9 13 15 16 17 20 25 27 28 29 31 34 35 36 37 38 39 42 45 47 49 50 51 54 60 65 66 67 68 70 72 76 77 78 -1
0 1 2 6 7 13 14 20 21 23 27 28 33 34 35 36 37 42 45 47 49 50 51 53 54 55 60 61 62 63 68 70 72 74 75 -1
0 2 4 5 7 10 11 14 15 20 23 24 25 35 36 37 38 40 42 44 45 46 47 48 50 54 55 57 58 59 61 62 66 68 74 -1
1 2 3 4 6 8 14 16 17 18 22 28 29 31 34 35 42 43 47 48 50 51 54 59 60 62 63 65 68 69 70 72 73 75 77 78 79 -1
1 3 8 9 11 12 14 15 17 19 23 29 31 33 35 37 38 40 42 44 45 46 47 48 49 51 54 56 57 59 60 61 63 73 74 76 -1
0 3 4 5 7 9 10 12 13 19 20 25 26 28 31 33 38 39 43 44 46 48 49 51 52 54 56 57 59 61 62 65 68 72 74 75 76 78 -1
3 8 11 12 17 19 20 21 22 26 29 31 35 36 37 40 44 46 47 48 49 51 55 56 57 66 68 69 72 75 76 79 -1
2 5 7 8 9 10 13 16 21 23 26 30 31 34 38 39 41 46 47 48 51 52 53 58 61 63 66 72 74 75 77 78 79 -1
2 3 5 6 7 8 9 10 13 14 16 17 21 22 26 27 30 36 38 39 41 42 48 49 50 53 56 57 58 60 64 65 70 75 76 77 78 79 -1
0 2 3 6 8 12 13 14 16 17 20 21 22 25 26 27 32 34 37 38 40 42 43 44 45 46 48 52 53 55 57 58 -1
1 2 3 7 9 11 13 15 17 19 22 24 25 28 29 30 31 32 36 42 46 47 48 49 52 53 54 55 58 59 60 61 63 64 70 79 -1
0 1 3 6 7 8 9 10 11 18 23 24 25 26 28 30 32 34 36 37 38 40 42 43 44 45 46 47 50 51 54 55 61 64 -1
0 4 6 7 10 11 14 15 17 20 21 23 24 25 27 31 33 39 40 44 47 48 54 56 57 58 59 61 66 68 72 73 75 78 79 -1
1 4 5 8 11 12 13 14 17 20 21 22 25 28 29 30 31 32 36 37 38 43 45 46 47 48 50 51 52 53 54 56 57 -1
1 7 10 12 31 32 33 35 37 41 42 44 45 46 47 49 50 56 58 59 61 63 64 65 70 73 75 76 77 78 79 -1
2 4 5 8 10 11 12 14 15 16 17 18 20 21 22 24 25 26 30 33 36 37 43 45 48 49 52 53 55 57 61 62 70 72 -1
0 2 5 6 7 9 10 12 13 14 16 17 18 21 23 26 27 30 33 35 36 37 39 42 45 49 56 59 60 62 63 65 -1
0 1 6 7 9 10 13 15 16 17 18 22 23 25 28 31 33 34 36 37 38 40 49 50 59 61 63 64 65 66 70 72 78 -1
2 4 6 9 11 12 13 14 15 19 21 22 24 26 28 30 31 43 48 50 51 52 53 54 55 57 58 62 63 64 66 72 77 78 -1
0 2 12 15 17 19 20 21 22 23 25 26 29 30 31 34 36 37 38 39 43 45 58 61 65 66 72 76 -1
1 3 6 8 11 12 15 17 18 19 23 28 29 30 31 32 34 37 39 40 44 47 51 52 53 55 58 61 63 65 66 70 72 75 76 -1
0 7 8 9 10 12 18 19 21 22 24 25 30 33 35 36 37 38 39 41 43 44 48 50 51 56 61 64 65 66 68 70 72 -1