200
9 11 15 19 34 53 59 70 86 95 102 137 176 197 -1
4 30 49 67 80 96 119 121 132 142 163 188 190 192 -1
10 39 45 75 98 99 101 115 120 140 142 144 146 147 156 -1
4 26 39 46 50 57 58 71 95 107 118 127 180 185 -1
1 3 7 9 38 46 59 112 115 122 135 141 143 155 194 -1
32 46 50 53 56 66 91 104 106 111 121 146 156 -1
15 39 44 99 104 108 111 114 133 134 141 151 165 168 -1
4 38 68 70 95 101 112 113 137 138 155 176 179 188 199 -1
41 53 57 58 64 65 83 85 87 94 96 127 138 148 -1
0 4 30 33 44 46 56 89 93 114 162 175 181 190 191 -1
2 13 29 31 37 43 46 84 93 134 140 170 171 179 199 -1
0 39 52 84 105 113 117 128 130 132 136 147 154 163 184 -1
35 44 53 60 90 92 102 109 111 121 125 139 162 -1
10 23 35 41 48 49 104 147 156 166 178 185 187 192 -1
26 33 49 71 74 96 126 128 136 163 183 187 188 194 -1
0 6 36 42 60 85 101 104 131 137 174 185 187 189 199 -1
18 30 32 70 82 92 101 123 145 157 163 178 186 194 -1
28 47 51 54 72 86 93 118 123 149 157 162 175 186 187 -1
16 23 69 78 82 86 91 93 97 111 116 153 160 161 175 -1
0 27 41 76 77 93 108 122 129 145 175 188 194 -1
47 48 72 80 99 103 112 118 132 153 157 167 169 171 177 -1
25 31 35 45 59 64 90 94 97 117 121 164 182 190 196 -1
23 44 51 62 76 85 91 106 108 126 136 157 163 191 198 -1
13 18 22 31 38 47 73 74 78 89 111 127 148 160 172 -1
27 42 46 55 57 62 67 80 92 96 105 119 148 182 -1
21 34 54 65 90 102 104 140 145 151 154 157 168 197 -1
3 14 33 48 71 77 88 100 110 131 138 159 163 165 -1
19 24 65 96 100 118 122 127 130 132 134 171 174 183 190 -1
17 29 34 35 59 64 68 81 153 159 162 165 175 177 186 -1
10 28 36 38 49 94 115 132 141 143 175 181 183 194 196 -1
1 9 16 40 47 60 70 77 91 121 122 125 152 193 198 -1
10 21 23 48 62 77 89 96 107 125 153 156 168 199 -1
5 16 33 53 96 104 112 124 139 150 172 180 184 191 -1
9 14 26 32 59 66 72 88 98 109 122 129 155 159 174 -1
0 25 28 46 48 60 100 124 130 138 151 156 162 170 -1
12 13 21 28 67 78 90 91 102 158 176 177 181 192 197 -1
15 29 90 94 109 111 125 135 140 142 143 145 150 188 -1
10 40 59 63 72 82 83 100 121 138 143 144 163 172 180 -1
4 7 23 29 51 91 104 115 134 140 160 162 179 -1
2 3 6 11 55 71 78 92 136 137 140 150 164 190 -1
30 37 62 73 99 104 112 129 137 151 166 167 187 199 -1
8 13 19 46 47 51 54 72 94 121 129 133 139 170 199 -1
15 24 61 70 89 91 115 152 165 168 179 189 194 195 -1
10 56 65 71 75 105 109 140 151 156 157 179 181 184 190 -1
6 9 12 22 66 75 109 133 145 149 179 183 195 198 199 -1
2 21 56 57 73 83 89 90 95 118 120 155 156 183 -1
3 4 5 9 10 24 34 41 58 60 69 109 136 170 174 -1
17 20 23 30 41 70 75 90 113 128 129 154 159 192 199 -1
13 20 26 31 34 51 75 85 136 139 148 160 182 187 195 -1
1 13 14 29 50 69 88 99 124 147 150 167 183 -1
3 5 49 76 131 135 136 141 147 151 161 162 163 193 -1
17 22 38 41 48 59 89 103 113 114 124 131 138 -1
11 57 60 84 99 111 114 118 125 132 149 153 175 176 182 -1
0 5 8 12 32 67 73 103 123 128 131 164 178 186 199 -1
17 25 41 70 78 90 107 153 159 160 171 174 181 185 -1
24 39 79 81 85 101 105 125 138 177 179 181 184 187 196 -1
5 9 43 45 61 64 71 110 113 127 154 182 190 198 -1
3 8 24 45 52 63 72 76 85 89 100 108 113 151 196 -1
3 8 46 68 69 85 86 105 118 153 174 183 185 -1
0 4 21 28 33 37 51 67 73 92 95 101 143 149 178 -1
12 15 30 34 46 52 72 101 118 136 163 170 188 194 198 -1
42 56 70 77 98 104 108 126 141 143 166 176 181 185 192 -1
22 24 31 40 68 72 75 78 83 139 153 155 159 164 187 -1
37 57 79 94 108 138 139 141 164 170 174 177 185 186 -1
8 21 28 56 81 88 99 116 133 138 152 178 195 196 -1
8 25 27 43 73 88 99 100 138 173 176 180 189 198 -1
5 33 44 74 120 123 127 137 140 165 172 180 195 198 199 -1
1 24 35 53 59 71 84 99 103 109 129 135 136 161 170 -1
7 28 58 62 95 106 112 119 138 148 161 171 188 -1
18 46 49 58 90 95 98 101 108 127 146 154 160 162 176 -1
0 7 16 30 42 47 54 61 99 124 129 139 154 195 199 -1
3 14 26 39 43 56 67 77 89 94 130 140 141 177 192 -1
17 20 33 37 41 57 60 62 78 106 140 146 187 197 -1
23 40 45 53 59 65 75 76 77 83 107 120 129 136 141 -1
14 23 66 76 92 95 97 99 110 132 139 143 174 189 191 -1
2 43 44 47 48 62 73 86 121 134 137 143 179 188 194 -1
19 22 50 57 73 74 92 97 109 123 131 142 162 165 194 -1
19 26 30 31 61 71 73 87 119 121 164 183 -1
18 23 35 39 54 62 72 103 108 111 128 146 161 167 177 -1
55 63 85 92 101 103 106 108 121 125 131 154 155 156 160 -1
1 20 24 93 97 116 125 135 152 160 164 165 166 196 199 -1
28 55 64 90 135 138 141 142 144 151 155 164 176 191 -1
16 18 37 90 93 94 99 108 113 142 156 160 177 196 -1
8 37 45 62 73 94 106 114 118 130 135 166 183 184 197 -1
10 11 52 67 94 95 96 105 112 125 176 177 181 182 197 -1
8 15 22 48 55 57 58 79 95 112 156 173 176 177 196 -1
0 17 18 58 75 101 132 157 159 171 173 174 176 181 187 -1
8 77 107 115 119 125 134 146 153 164 176 178 185 197 199 -1
26 33 49 64 65 109 122 128 134 171 181 183 199 -1
9 23 31 42 45 51 57 71 109 120 151 152 156 161 181 -1
12 21 25 35 36 45 47 54 69 81 82 92 113 158 179 -1
5 18 22 30 35 38 42 92 110 121 126 134 139 157 190 -1
12 16 24 39 59 74 76 79 90 91 112 154 187 190 -1
9 10 17 18 19 80 82 100 104 118 154 165 177 178 193 -1
8 21 29 36 41 63 71 82 83 84 172 178 191 192 198 -1
0 3 7 45 59 68 69 74 84 85 120 124 154 184 -1
1 8 14 24 27 31 32 84 110 113 114 122 126 192 -1
18 21 74 76 80 106 108 161 162 165 177 179 189 198 -1
2 33 61 69 103 107 141 151 156 163 167 168 175 183 186 -1
2 6 20 40 49 52 64 65 67 70 74 82 100 170 187 -1
26 27 34 37 57 65 93 99 116 134 141 167 170 173 197 -1
2 7 15 16 55 59 60 69 79 86 117 168 170 178 179 -1
0 12 25 35 127 152 154 160 161 164 178 189 192 -1
20 51 53 67 78 79 98 137 143 163 178 179 184 185 -1
5 6 13 15 25 32 38 40 61 93 134 144 162 177 190 -1
11 24 43 55 58 84 134 148 151 153 173 177 189 193 196 -1
5 22 68 72 79 83 97 107 110 143 161 164 174 190 197 -1
3 31 54 73 87 98 106 109 119 134 135 170 182 185 189 -1
6 19 22 57 61 63 69 78 79 82 97 122 156 187 -1
12 33 36 43 44 46 67 76 88 89 107 115 124 148 197 -1
26 56 74 91 96 106 112 119 155 163 164 173 182 184 192 -1
5 6 12 18 23 36 52 78 114 123 125 140 164 175 -1
4 7 20 32 40 68 84 85 92 110 123 148 170 187 192 -1
7 11 47 51 56 57 82 90 96 134 148 166 172 178 184 -1
6 9 51 52 83 96 111 117 118 123 127 136 139 143 185 -1
2 4 29 38 42 87 109 118 148 159 162 165 168 185 -1
18 64 80 100 149 150 155 157 168 170 173 176 190 193 198 -1
11 21 101 114 119 122 127 129 142 154 160 164 166 188 195 -1
3 17 20 27 45 52 58 60 83 93 114 115 136 188 -1
1 24 68 77 87 107 110 117 123 134 174 175 181 193 195 -1
2 45 66 73 89 95 128 152 155 156 168 188 193 196 -1
1 5 12 21 30 37 41 75 77 79 91 153 162 181 -1
4 19 27 30 33 88 96 108 117 137 149 152 182 199 -1
16 17 53 66 76 111 112 114 119 139 143 147 161 169 173 -1
32 34 49 51 70 95 109 135 137 138 145 146 178 -1
12 30 31 36 52 55 79 80 84 87 111 150 175 191 196 -1
14 22 61 91 96 139 144 148 150 152 153 165 168 192 198 -1
3 8 23 27 56 66 69 102 114 117 160 163 171 172 195 -1
11 14 47 53 78 88 120 130 132 133 149 157 166 191 -1
19 33 40 41 47 67 70 73 117 131 143 151 170 196 -1
11 27 34 71 83 128 142 144 150 155 156 160 166 171 175 -1
15 26 50 51 53 76 79 129 135 139 149 157 160 182 190 -1
1 11 20 27 29 52 74 86 128 145 181 187 192 -1
6 41 44 64 128 139 144 148 153 159 189 196 197 -1
6 10 27 38 75 87 88 91 100 104 105 107 113 119 -1
4 36 50 67 80 81 83 107 124 131 140 153 186 -1
11 14 22 39 46 48 50 60 67 73 114 118 151 161 166 -1
0 7 15 39 40 66 75 103 122 124 142 150 159 174 182 -1
7 8 26 34 37 51 55 63 64 65 68 81 124 -1
12 32 41 48 62 63 70 74 91 114 123 126 131 133 -1
2 10 25 36 38 39 43 66 71 72 111 135 169 192 -1
4 6 29 50 61 63 71 73 81 98 100 149 150 157 179 -1
1 2 36 76 81 82 117 130 137 145 146 147 163 174 191 -1
4 29 36 37 59 61 74 75 103 106 114 123 129 169 188 -1
2 37 81 104 126 130 133 146 167 174 178 179 196 198 -1
16 19 25 36 44 124 132 142 150 152 157 166 176 180 -1
2 5 69 72 78 87 124 142 144 147 155 159 161 169 191 -1
2 11 13 49 50 123 142 146 154 155 168 174 176 183 186 -1
8 23 24 48 68 105 109 112 113 115 126 133 185 -1
17 44 52 59 116 122 128 131 141 152 154 158 163 182 195 -1
32 36 39 49 116 125 126 130 137 141 145 152 170 191 193 -1
6 25 34 40 43 50 57 81 89 98 105 129 136 195 -1
30 42 64 80 89 102 120 122 126 145 149 150 183 185 -1
18 20 28 31 52 54 58 62 87 105 121 126 133 135 -1
11 25 47 56 69 70 79 92 93 95 102 117 147 149 -1
4 7 33 45 62 79 81 110 116 120 130 146 147 194 -1
2 5 13 31 34 43 45 79 82 85 89 98 108 120 130 -1
16 17 20 22 25 43 86 91 116 128 131 141 145 182 195 -1
35 90 149 159 160 161 165 169 180 183 190 192 197 -1
26 28 33 47 54 62 86 115 133 137 146 158 165 194 -1
18 23 38 48 54 69 79 80 82 102 117 127 130 131 158 -1
18 50 67 68 78 89 97 102 106 123 136 146 158 168 188 -1
9 12 17 28 34 38 50 69 76 97 104 115 121 -1
1 11 14 16 22 26 37 50 60 98 103 110 127 142 149 -1
21 39 53 62 63 77 80 81 87 102 106 110 111 117 -1
6 26 28 42 66 76 80 93 97 115 126 158 159 198 -1
13 40 61 80 83 113 117 128 130 136 145 173 186 188 -1
20 40 49 78 98 100 144 168 182 186 188 189 194 197 -1
6 25 31 42 98 101 115 116 120 126 147 161 167 184 189 -1
20 123 140 143 146 158 171 172 173 175 180 182 -1
10 34 41 46 60 63 67 99 100 101 107 112 116 129 150 -1
10 20 27 54 68 86 88 127 130 169 180 190 195 197 198 -1
23 32 37 66 94 113 127 169 180 186 193 195 -1
65 85 86 100 105 110 116 123 166 169 175 186 194 195 -1
15 27 33 46 54 58 63 74 86 106 119 137 142 144 147 -1
9 17 18 19 28 29 52 98 111 119 125 130 169 173 180 -1
0 7 35 52 61 65 69 81 84 85 86 87 116 145 147 -1
20 28 35 55 63 71 78 82 84 85 93 97 104 105 -1
13 16 53 59 64 87 93 94 101 102 103 113 124 144 -1
7 10 38 42 43 44 55 75 90 97 101 103 141 144 -1
3 32 37 65 66 145 158 169 171 172 175 183 189 193 -1
9 29 35 43 54 55 61 84 86 88 89 119 121 132 -1
21 24 48 52 56 84 107 110 122 131 137 149 157 167 169 -1
14 27 29 44 45 49 58 77 83 88 98 147 152 158 180 -1
11 32 43 55 83 95 103 110 113 168 186 189 193 -1
3 13 15 54 58 61 63 87 103 107 114 115 148 152 -1
16 17 28 53 63 98 135 147 166 167 172 173 184 194 -1
13 14 15 17 40 48 55 62 72 86 92 99 108 112 132 -1
1 7 14 19 36 60 68 75 117 118 120 143 161 166 167 -1
15 42 65 74 97 102 105 107 133 167 168 180 184 193 -1
1 9 21 27 39 43 56 91 92 104 106 116 131 158 171 -1
9 22 32 74 81 94 125 128 142 146 150 193 194 -1
1 13 35 47 61 71 94 96 102 110 112 126 132 140 158 -1
30 50 93 105 116 119 120 150 172 180 184 189 191 -1
4 14 16 19 29 42 60 75 76 155 159 167 173 186 191 -1
42 44 48 64 66 70 117 119 127 149 151 157 171 172 173 -1
21 29 55 57 64 80 82 85 105 120 125 129 133 144 -1
0 25 35 72 83 84 87 100 106 109 133 158 167 171 -1
22 30 44 56 60 65 66 94 97 116 126 144 165 171 -1
7 10 15 31 40 41 44 47 53 66 70 80 87 88 122 -1