40
2 6 17 19 21 28 29 36 38 -1
4 5 7 9 20 22 35 39 -1
0 4 9 10 12 17 28 36 39 -1
7 15 16 23 30 31 32 33 36 -1
1 2 6 14 16 20 27 28 31 38 -1
1 15 19 20 22 30 33 34 36 37 -1
0 4 8 17 21 25 31 32 36 -1
1 3 8 20 24 31 32 33 -1
6 7 15 17 23 27 28 30 33 -1
1 2 14 15 18 23 25 38 -1
2 17 18 21 23 24 29 33 37 -1
12 15 16 17 18 24 25 27 34 38 -1
2 11 15 16 22 28 35 38 -1
15 16 18 24 28 32 35 37 -1
4 9 15 18 23 26 34 -1
3 5 8 9 11 12 13 14 16 19 -1
3 4 11 12 13 15 19 20 29 32 -1
0 2 6 8 10 11 24 25 27 29 -1
9 10 11 13 14 27 32 33 35 37 -1
0 5 15 16 20 28 30 34 -1
1 4 5 7 16 19 24 26 34 -1
0 6 10 25 27 28 30 35 -1
1 5 12 23 24 26 37 39 -1
3 8 9 10 14 22 27 36 38 39 -1
7 10 11 13 17 20 22 26 -1
6 9 11 17 21 31 36 39 -1
14 20 22 24 29 32 33 38 -1
4 8 11 17 18 21 23 29 32 -1
0 2 4 8 12 13 19 21 -1
0 10 16 17 26 27 34 36 39 -1
3 5 8 19 21 31 38 39 -1
3 4 6 7 25 30 34 38 -1
3 6 7 13 16 18 26 27 -1
3 5 7 8 10 18 26 35 37 -1
5 11 14 19 20 29 31 35 37 39 -1
1 12 13 18 21 33 34 39 -1
0 2 3 5 6 23 25 29 -1
5 10 13 18 22 33 34 -1
0 4 9 11 12 23 26 30 31 -1
1 2 22 23 25 29 30 34 35 -1