80
7 10 14 22 29 30 31 47 54 61 78 79-1
14 25 29 32 34 35 37 38 40 46 65 66 67 71-1
5 14 24 37 41 43 49 51 59 61 62 64 70 71-1
4 6 8 10 36 37 40 41 51 53 60 65 71 74-1
3 8 11 13 16 20 36 40 43 44 46 48 51 69-1
2 7 8 21 26 28 37 41 45 51 66 68 74 78-1
3 13 16 17 26 28 32 45 47 48 58 62 64 76-1
0 5 15 30 32 34 41 49 53 54 56 64 69 78-1
3 4 5 24 26 33 34 53 56 58 59 61 64 77-1
14 16 24 30 38 47 53 56 57 59 63 64 68 79-1
0 3 16 29 30 36 38 45 48 55 58 65 68 72 73-1
4 17 23 25 34 40 54 55 66 69 72 76 77 78-1
15 30 31 32 35 36 39 43 45 56 57 74 78-1
4 6 37 40 45 47 56 59 64 67 73 74-1
0 1 2 9 21 26 27 29 37 43 50 55 67-1
7 12 16 19 21 31 36 41 43 45 52 66 73 79-1
4 6 9 10 15 18 19 26 31 38 48 49 65 73 75-1
6 11 19 30 40 45 47 54 57 58 63 69 72 74-1
16 22 23 27 33 36 38 40 55 59 63 68 72 76-1
15 16 17 35 36 37 44 48 50 54 57 61 78-1
4 35 36 43 45 47 50 51 58 59 60 66 74 76 78-1
5 14 15 24 25 26 33 36 37 39 51 61 67 70-1
0 18 32 48 53 54 55 56 62 63 71 77 79-1
11 18 28 33 37 40 44 45 47 50 60 65 71 74 77-1
2 8 9 21 29 32 33 44 49 51 52 55 60 78-1
1 11 21 29 39 40 51 63 64 65 68 72 75 79-1
5 6 8 14 16 21 28 33 42 53 58 66 74-1
14 18 29 30 31 32 38 44 45 53 62 73 75-1
5 6 23 26 30 37 38 49 56 73 76 77 79-1
0 1 10 14 24 25 27 34 50 56 68 69 73 79-1
0 7 9 10 12 17 27 28 33 34 53 57 63 77-1
0 12 15 16 27 42 49 50 53 60 62 63 64-1
1 6 7 12 22 24 27 38 53 63 68 70 71 72-1
8 18 21 23 24 26 30 34 36 37 63 65 78-1
1 7 8 11 29 30 33 49 61 62 65 75 77-1
1 12 19 20 42 43 45 59 60 64 66 68 70 71 72-1
3 4 10 12 15 18 19 20 21 33 44 63 67-1
1 2 3 5 13 14 19 21 23 28 33 54 56 78-1
1 9 10 16 18 27 28 32 39 40 52 59 68 69-1
12 21 25 38 43 48 50 57 65 70 71 72 75 77-1
1 3 4 11 13 17 18 23 25 38 63 67 70 78-1
2 3 5 7 15 44 48 54 62 63 64 65 70 74 79-1
26 31 35 44 45 53 60 64 65 70 73 74 77 78-1
2 4 12 14 15 20 35 39 49 51 52 60 62 68 70-1
4 19 23 24 27 36 41 42 51 56 60 63 66-1
5 6 10 12 13 15 17 20 23 27 35 42 64 66 68-1
1 4 48 51 52 54 58 62 65 70 73 74 75-1
0 6 9 13 17 20 23 56 61 62 68 78 79-1
4 6 10 16 19 22 39 41 46 51 56 62 71 77-1
2 7 16 24 28 31 34 43 51 64 66 69 71 78-1
14 19 20 23 29 31 39 53 59 61 67 69 74 77-1
2 3 4 5 20 21 24 25 43 44 46 48 49 53 77-1
15 24 38 43 46 58 60 67 71 72 75 77 79-1
3 7 8 9 22 26 27 30 31 32 42 50 51 61 72-1
0 7 11 17 19 22 37 41 46 58 61 68 76-1
10 11 14 18 22 24 62 65 68 70 73-1
7 8 9 12 13 22 28 29 37 44 47 48 69 75-1
9 12 17 19 30 39 59 61 69 72 73 75 76-1
6 8 10 17 20 26 46 52 54 60 61 65 69 72-1
2 8 9 13 18 20 35 38 50 57 61 62 65 68-1
3 20 23 24 31 35 42 43 44 52 58 66 69 70-1
0 2 8 19 21 34 47 50 53 54 57 58 59-1
2 6 22 27 31 34 41 43 46 47 48 55 59 70 76-1
9 17 18 22 25 30 31 32 33 36 40 41 44-1
2 6 7 8 9 13 25 31 35 41 42 45 49-1
1 3 10 16 23 25 33 34 39 41 42 46 55 58 59-1
1 5 11 15 20 26 35 44 45 49 60 67 71 72 73-1
1 13 14 21 36 40 50 52 66 70 71 72 74 75-1
5 9 10 18 25 29 32 35 38 43 45 47 54 55 59-1
4 7 11 17 29 38 49 50 56 57 58 60 71 74-1
2 21 32 35 39 40 41 42 43 46 55 60 62 67-1
1 2 3 22 23 32 35 39 48 49 52 66 67 69 76-1
10 11 17 18 25 32 35 39 52 53 57 58 66 67-1
10 13 15 16 27 28 29 42 46 55 57 66-1
3 5 12 13 17 20 23 26 41 42 46 50 67 69-1
16 25 27 34 39 46 52 56 57 67 76 79-1
6 11 18 20 28 54 57 62 71 75 79-1
8 11 22 23 28 30 34 39 42 48 50 51 52-1
0 5 7 11 12 19 20 24 33 37 40 42 47 49-1
0 9 15 22 25 28 29 41 47 52 75 76-1
