80
3 17 56 -1
5 21 70 -1
29 38 46 -1
0 6 34 -1
28 34 68 -1
1 13 78 -1
3 17 73 -1
25 53 73 -1
30 48 76 -1
31 48 75 -1
45 68 76 -1
15 26 74 -1
53 55 69 -1
5 49 66 -1
18 20 -1
11 17 51 -1
32 58 73 -1
0 6 15 -1
14 52 69 -1
20 52 68 -1
14 19 -1
1 47 64 -1
30 34 44 -1
25 36 43 -1
59 64 69 -1
7 23 64 -1
11 39 45 -1
30 42 43 -1
4 39 40 -1
2 32 43 -1
8 22 27 -1
9 63 66 -1
16 29 77 -1
39 42 74 -1
3 4 22 -1
54 66 78 -1
23 41 58 -1
54 55 -1
2 40 42 -1
26 28 33 -1
28 38 41 -1
36 40 67 -1
27 33 38 -1
23 27 29 -1
22 52 56 -1
10 26 76 -1
2 57 77 -1
21 49 78 -1
8 9 54 -1
13 47 67 -1
53 59 67 -1
15 58 74 -1
18 19 44 -1
7 12 50 -1
35 37 48 -1
12 37 -1
0 44 57 -1
46 56 61 -1
16 36 51 -1
24 50 72 -1
63 70 77 -1
57 71 79 -1
63 65 79 -1
31 60 62 -1
21 24 25 -1
62 72 79 -1
13 31 35 -1
41 49 50 -1
4 10 19 -1
12 18 24 -1
1 60 71 -1
61 70 75 -1
59 65 75 -1
6 7 16 -1
11 33 51 -1
9 71 72 -1
8 10 45 -1
32 46 60 -1
5 35 47 -1
61 62 65 -1