200
10 28 38 56 60 69 74 90 91 95 99 117 154 169-1
21 31 52 83 91 101 109 126 130 134 147 154 175 189-1
6 32 55 66 75 92 98 103 109 114 115 144 163 184 199-1
5 24 25 46 59 75 77 81 125 126 129 138 159 196-1
11 22 26 35 40 43 53 57 103 117 133 135 155 161 186-1
3 6 9 51 59 81 101 117 120 143 169 182 184 191-1
2 5 39 54 66 89 101 109 112 118 133 146 166 174 184-1
18 45 80 82 85 92 97 102 137 154 157 161 166 192-1
44 58 59 74 79 80 84 100 103 131 135 146 152 166 191-1
5 12 25 48 51 60 71 77 92 106 113 128 144 149-1
0 11 24 34 37 46 48 68 78 84 87 168 180 192 195-1
4 10 17 43 46 50 81 92 140 150 156 167 179 191-1
9 16 18 19 23 28 89 119 120 130 138 156 177 183-1
18 29 38 44 54 55 74 78 83 95 115 119 142 176 188-1
22 40 73 77 91 97 101 136 139 182 186 187 194 195-1
24 55 90 125 130 132 149 153 154 159 169 179 189 198-1
12 17 73 76 82 104 108 128 129 132 137 149 174 196-1
11 16 24 34 41 42 43 44 53 61 79 83 133 149 169-1
7 12 13 42 51 62 70 103 108 129 130 133 140-1
12 57 67 73 81 90 99 115 117 170 181 182 185 190-1
27 35 48 49 98 121 147 158 163 168 171 174 184 195-1
1 30 32 37 49 51 80 86 87 107 113 124 150 151 199-1
4 14 39 48 54 64 99 100 123 124 136 183 189-1
12 24 25 26 27 35 48 81 86 106 126 127 132 135-1
3 10 15 17 23 56 63 70 75 81 92 95 170 180 198-1
3 9 23 37 129 131 132 145 154 158 161 175 176 191-1
4 23 27 52 73 74 78 80 98 100 107 113 178 197-1
20 23 26 33 53 72 74 83 98 110 114 160 163 177 189-1
0 12 55 56 74 82 101 111 127 143 147 151 179 197 199-1
13 48 87 117 122 134 140 156 157 159 167 172 192 195 198-1
21 31 35 44 55 92 124 145 147 148 158 179 196 199-1
1 30 32 37 65 117 130 143 148 155 174 184 187 191-1
2 21 31 49 55 62 92 93 112 130 148 151 156 179 185-1
27 37 38 39 62 72 102 106 110 113 120 121 148 153 157-1
10 17 40 47 49 55 81 85 121 125 137 161 162 169 181-1
4 20 23 30 40 49 75 96 102 107 137 174 179 185 193-1
38 41 45 50 56 61 73 81 86 127 134 151 169 175 199-1
10 21 25 31 33 39 65 99 134 139 142 153 158 160 169-1
0 13 33 36 62 68 86 93 99 128 152 161 162 185 193-1
6 22 33 37 68 102 112 114 121 127 132 137 140 153 161-1
4 14 34 35 52 65 67 72 74 107 164 170 192 193-1
17 36 45 102 109 119 126 137 140 151 160 165 171 178 181-1
17 18 61 70 78 93 97 118 121 133 154 183-1
4 11 17 46 55 104 108 117 146 148 185 189 195 198 199-1
8 13 17 30 61 64 74 136 154 157 176 192 199-1
7 36 41 48 57 79 101 106 124 149 161 167 168 190 193-1
3 10 11 43 50 85 118 131 142 158 166 173 176 189-1
34 63 70 82 92 112 119 121 131 135 143 147 163 199-1
9 10 20 22 23 29 45 76 78 104 130 134 157 167-1
20 21 32 34 35 120 137 140 155 169 172 173 175 179 180-1
11 36 46 73 83 96 102 115 141 143 148 170 175 177 198-1
5 9 18 21 63 84 95 96 98 100 102 119 162 170 195-1
1 26 40 59 67 86 134 136 141 162 167 168 172 191-1
4 17 27 58 65 70 78 101 110 139 142 151 175 176 187-1
6 13 22 55 66 83 91 93 132 136 143 171 172 180-1
2 13 15 28 30 32 34 43 54 60 68 79 115 128 176-1
0 24 28 36 61 64 72 95 107 122 143 145 157 182 185-1
4 19 45 66 69 74 87 102 145 148 164 182 187 194 197-1
8 53 63 70 85 104 107 114 115 145 151 171 176 188 199-1
3 5 8 52 70 80 86 89 100 105 115 154 179 197-1
0 9 55 90 95 105 108 116 122 133 153 168 184-1
17 36 42 44 56 69 70 80 96 124 131 138 154 156 163-1
18 32 33 38 89 95 96 107 112 114 116 127 145 188 197-1
24 47 51 58 64 71 83 107 109 117 150 154 179 180 187-1
22 44 56 63 71 80 82 98 109 134 142 145 148 150-1
31 37 40 53 93 103 128 151 158 168 174 179 180 184 197-1
2 6 54 57 118 125 140 143 146 151 176 183 188 189-1
19 40 52 79 106 124 127 144 145 154 157 182 187-1
10 38 39 55 99 113 122 130 137 152 157 188 192-1
0 57 61 73 75 83 118 119 130 140 145 148 159 162 186-1
18 24 42 47 53 58 59 61 142 145 161 182 198-1
9 63 64 82 91 99 129 156 170 171 181 188 189 196-1
27 33 40 56 78 83 107 119 130 137 149 156 158 186-1
14 16 19 26 36 50 69 74 111 114 139 147 156 178 199-1
0 8 13 26 27 28 40 44 57 73 131 158 180 188 197-1
2 3 24 35 69 85 97 112 115 128 130 179 189 191 195-1
16 48 85 99 104 109 111 120 154 172 178 187 191 198-1
3 9 14 123 131 134 135 137 145 147 158 163 178 181-1
10 13 26 42 48 53 72 96 124 144 150 187 190 199-1
8 17 45 55 67 108 110 120 127 140 143 157 181 192-1
7 8 21 26 59 61 64 88 122 153 158 170 175 183-1
3 5 11 19 23 24 34 36 86 99 121 123 135-1
7 16 28 47 64 71 87 92 98 112 129 130 133 152 165-1
1 13 17 27 50 54 63 69 72 96 110 114 115 120 124-1
8 10 51 92 93 95 121 123 133 134 139 148 166 191 199-1
7 34 46 58 75 76 94 102 121 138 147 149 150 160 187-1
21 23 36 38 52 59 81 98 112 122 131 143 177 179-1
10 21 29 57 82 92 122 124 142 157 162 167 178 181 194-1
80 103 106 113 117 135 140 148 155 162 167 176 183 192 198-1
6 12 59 62 93 95 125 137 146 150 176 185 188 198-1
0 15 19 60 114 130 135 136 143 146 167 179 182 188-1
0 1 14 54 71 95 127 138 139 143 160 169 176 195 198-1
2 7 9 11 24 30 32 47 82 84 87 102 121-1
32 38 42 54 65 84 89 103 106 121 138 149 157 160 174-1
85 96 103 118 119 123 125 127 132 137 139 142 155 173-1
0 13 24 51 56 60 62 84 89 91 111 125 181-1
35 50 51 61 62 78 83 94 116 130 137 145 165 177-1
7 14 42 75 100 108 123 131 145 148 163 167 170 196-1
2 20 26 27 51 64 82 86 109 135 150 152 154 192 194-1
0 19 22 37 38 68 71 76 81 119 165 168 177 183-1
8 22 26 51 59 97 102 111 117 119 121 122 134 144 174-1
1 5 6 14 28 45 53 103 108 120 147 153 165 172 197-1
7 33 35 39 41 50 51 57 85 92 100 114 135 168 198-1
2 4 8 18 65 88 93 94 101 107 115 123 159 164 185-1
16 43 48 58 76 108 123 128 141 142 145 149 182 185-1
59 60 120 129 144 153 160 161 172 176 177 178 181 195 197-1
9 23 33 45 67 88 93 111 117 125 126 159 165 186 190-1
21 26 35 40 56 58 62 63 72 103 118 136 157 184 186-1
16 18 43 60 79 97 101 104 109 112 114 120 136 151 154-1
1 2 6 41 63 64 76 98 108 137 163 169 180 186 196-1
27 33 53 79 83 111 118 128 132 133 148 155 164 197 199-1
28 73 76 95 100 106 110 124 127 138 147 149 168 169 179-1
6 32 39 47 62 75 82 86 108 120 126 132 156 162 183-1
9 21 26 33 68 88 126 133 138 139 153 155 160 168 197-1
2 27 39 58 62 73 83 90 102 108 124 127 149 181 197-1
2 13 19 50 55 58 59 75 83 103 141 168 169 182 189-1
60 62 96 127 130 141 144 147 149 152 157 178 180 184 191-1
0 4 5 19 29 31 43 63 88 100 106 128 147 178 191-1
6 42 46 66 69 94 107 110 135 146 172 173 177 186 194-1
12 13 41 47 51 69 72 94 99 100 135 136 178 188-1
5 12 33 49 76 79 83 101 105 108 112 129 142 190 194-1
20 33 34 39 42 47 81 84 85 92 93 100 138 143 194-1
29 56 60 68 80 86 87 100 127 142 165 168 188 194-1
22 77 81 84 94 97 103 104 127 131 143 158 161 187 194-1
21 22 30 45 61 67 78 83 87 111 114 144 150 166 167-1
3 15 34 66 89 94 95 106 156 164 165 169 174 175 190-1
1 3 23 41 106 112 113 144 150 152 170 182 184 186 195-1
23 28 36 39 62 67 79 91 94 111 114 116 122 123-1
9 16 38 55 65 75 104 110 117 141 152 161 173 174 198-1
3 16 18 25 71 82 105 120 136 138 183 184 185 187-1
1 12 15 18 31 32 48 68 69 72 75 82 90 96 116-1
8 25 46 47 61 74 77 86 97 123 143 155 198-1
15 16 23 25 39 54 94 110 112 135 144 153 178 182-1
4 6 17 18 42 60 82 84 110 113 138 148 177 189-1
1 29 36 37 48 52 64 77 84 100 150 159 168 171 196-1
4 8 23 47 77 81 88 90 98 102 118 119 132 171 186-1
14 22 44 52 54 90 107 108 119 129 139 188 197-1
7 16 34 35 39 41 49 68 72 77 89 94 96 109-1
3 12 61 85 91 93 111 113 121 129 133 150 164 193-1
14 37 53 73 84 91 94 113 136 140 166 176 184 186-1
11 18 29 39 41 49 66 69 79 88 139 151 152 189 191-1
50 52 104 115 116 128 148 157 158 164 177 178 185 192 194-1
13 37 46 53 64 70 87 94 104 120 122 155 162 168 192-1
5 28 31 47 50 54 56 66 79 86 90 91 121 123 131-1
2 9 67 78 100 105 116 124 126 132 153 174 175 184 198-1
25 30 56 57 58 62 64 67 69 70 77 96 97 104-1
6 8 43 66 89 90 118 159 166 173 176 184 197-1
1 20 28 30 47 73 77 85 101 111 116 117 158 169-1
30 31 32 33 43 50 57 64 69 84 88 97 110 133 141-1
9 15 16 17 45 72 85 93 104 111 114 116 165 182 186-1
11 21 63 64 78 85 89 98 124 126 134 138 163 167 189-1
21 28 32 36 41 53 58 65 66 108 140 153 160 171 187-1
8 38 68 82 98 116 126 128 140 153 173 180 186 196 198-1
15 33 37 39 60 80 101 105 113 132 144 151 152 164 172-1
0 1 7 15 25 42 44 59 61 63 67 76 98 108-1
4 31 49 88 94 110 113 131 142 175 177 190-1
11 12 29 32 61 71 72 73 112 125 163 167 169 170 187-1
7 29 33 44 48 56 67 68 79 87 93 107 116 141-1
20 25 30 37 46 65 72 74 77 80 123 141 147 160 196-1
3 15 29 69 103 106 134 146 165 167 172 177 183 185 188-1
27 37 41 85 91 93 105 113 151 158 164 167 172 177-1
4 7 25 34 38 39 45 70 105 123 128 162 180 183-1
34 38 51 52 69 87 88 112 142 161 163 168 182 191 192-1
2 20 27 47 61 77 97 109 150 156 162 174 186 192-1
40 57 103 110 125 138 141 153 160 171 186 188 194 199-1
41 82 96 99 101 106 122 125 149 159 171 178 187 196-1
6 7 8 46 84 124 139 146 180 185 190 191 194 199-1
11 29 45 48 52 87 88 90 97 124 150 156 159 160-1
10 20 45 52 60 65 99 102 111 113 115 122 134 142 162-1
0 5 15 17 34 36 37 49 91 109 111 115 125 147 156-1
19 24 40 50 51 71 80 97 126 156 172 185 192 197-1
20 41 54 58 71 134 135 151 164 165 174 181 183 193-1
29 49 52 54 76 101 105 118 153 159 160 170 174 183 190-1
46 49 94 118 128 146 152 174 175 181 190 194-1
6 16 20 31 35 65 93 100 125 128 144 163 171 172 173-1
1 25 36 49 50 53 80 125 144 155 173 183-1
13 25 44 46 53 55 58 66 88 89 91 105 139 146-1
12 27 50 86 96 99 105 118 133 141 155 159 160 193-1
26 41 73 76 77 87 105 116 117 119 132 141 165-1
11 15 28 30 32 35 49 59 63 65 75 86 90 111-1
10 24 49 54 63 65 74 109 116 152 161 166 193 196-1
19 34 41 71 77 79 87 95 105 114 171 173 185 189 193-1
5 14 19 56 57 67 70 90 104 115 126 132 149 162-1
12 22 42 66 80 88 99 112 129 159 161 171 172 175-1
2 5 6 20 31 60 65 107 116 126 129 139 144 146-1
19 32 35 38 43 56 89 103 104 129 141 159 166 170 181-1
4 14 69 72 106 107 109 118 126 135 139 149 152 163 164-1
14 31 53 57 63 67 76 78 85 123 129 151 156 165-1
13 58 62 66 68 71 74 89 90 119 122 136 159 164-1
1 15 22 27 43 46 66 71 75 115 133 140 150 181 194-1
19 45 78 106 120 125 155 166 172 173 193 196-1
5 8 11 25 31 52 75 76 84 116 117 140 162 166-1
7 10 29 40 44 68 79 88 98 141 142 162 163 170-1
35 38 40 45 138 171 177 180 181 190 195-1
14 57 87 98 118 120 121 122 123 141 164 166 173 189-1
10 14 20 29 43 51 75 91 105 126 193-1
3 16 30 71 97 109 134 152 158 165 180 190-1
26 28 57 59 62 65 74 101 105 110 113 114 136 146 170-1
15 24 29 43 50 70 76 88 89 91 102 128 131 144 152-1
2 21 28 30 36 43 44 47 58 73 78 84 110 164 166-1
