200
6 92 -1
93 122 -1
6 190 -1
39 116 -1
72 137 -1
147 171 -1
0 2 -1
13 187 -1
18 60 -1
18 187 -1
84 159 -1
13 106 -1
62 190 -1
7 11 -1
66 127 -1
48 115 -1
28 168 -1
140 157 -1
8 9 -1
43 81 -1
36 96 -1
57 144 -1
24 86 -1
102 109 -1
22 56 -1
135 199 -1
82 99 -1
66 105 -1
16 110 -1
56 184 -1
55 68 -1
82 182 -1
64 78 -1
94 139 -1
108 173 -1
84 119 -1
20 145 -1
112 115 -1
51 116 -1
3 137 -1
158 189 -1
61 185 -1
75 194 -1
19 136 -1
134 181 -1
47 72 -1
127 189 -1
45 54 -1
15 180 -1
120 197 -1
174 197 -1
38 170 -1
169 185 -1
121 155 -1
47 192 -1
30 139 -1
24 29 -1
21 148 -1
79 96 -1
85 94 -1
8 175 -1
41 172 -1
12 77 -1
159 193 -1
32 136 -1
155 181 -1
14 27 -1
70 105 -1
30 102 -1
129 147 -1
67 103 -1
161 169 -1
4 45 -1
120 173 -1
123 145 -1
42 90 -1
141 171 -1
62 192 -1
32 172 -1
58 194 -1
85 117 -1
19 93 -1
26 31 -1
101 126 -1
10 35 -1
59 80 -1
22 92 -1
99 122 -1
90 188 -1
106 131 -1
75 88 -1
117 123 -1
0 86 -1
1 81 -1
33 59 -1
179 186 -1
20 58 -1
129 162 -1
124 154 -1
26 87 -1
104 199 -1
83 191 -1
23 68 -1
70 156 -1
100 184 -1
27 67 -1
11 89 -1
138 -1
34 131 -1
23 168 -1
28 186 -1
114 157 -1
37 161 -1
175 188 -1
111 152 -1
15 37 -1
3 38 -1
80 91 -1
140 143 -1
35 125 -1
49 73 -1
53 142 -1
1 87 -1
74 91 -1
98 166 -1
119 196 -1
83 144 -1
14 46 -1
167 193 -1
69 97 -1
132 142 -1
89 108 -1
130 143 -1
148 152 -1
44 179 -1
25 182 -1
43 64 -1
4 39 -1
107 -1
33 55 -1
17 118 -1
76 167 -1
121 130 -1
118 132 -1
21 126 -1
36 74 -1
158 180 -1
5 69 -1
57 133 -1
150 164 -1
149 165 -1
166 183 -1
114 133 -1
164 178 -1
98 165 -1
53 65 -1
103 174 -1
17 111 -1
40 146 -1
10 63 -1
176 183 -1
71 112 -1
97 178 -1
191 195 -1
149 153 -1
150 154 -1
124 151 -1
128 141 -1
16 109 -1
52 71 -1
51 176 -1
5 76 -1
61 78 -1
34 73 -1
50 156 -1
60 113 -1
160 170 -1
196 198 -1
153 162 -1
95 134 -1
48 146 -1
44 65 -1
31 135 -1
151 160 -1
29 104 -1
41 52 -1
95 110 -1
7 9 -1
88 113 -1
40 46 -1
2 12 -1
101 163 -1
54 77 -1
63 128 -1
42 79 -1
163 198 -1
125 177 -1
49 50 -1
177 195 -1
25 100 -1