80
32 71 -1
57 64 -1
6 47 -1
54 71 -1
27 66 -1
66 73 -1
2 57 -1
23 67 -1
24 50 -1
44 76 -1
15 22 -1
12 76 -1
11 52 -1
47 60 -1
56 65 -1
10 77 -1
37 38 -1
19 50 -1
54 55 -1
17 32 -1
26 79 -1
31 74 -1
10 30 -1
7 44 -1
8 30 -1
38 78 -1
20 28 -1
4 29 -1
26 48 -1
27 74 -1
22 24 -1
21 64 -1
0 19 -1
45 69 -1
48 70 -1
37 67 -1
61 78 -1
16 35 -1
16 25 -1
49 51 -1
55 58 -1
59 69 -1
43 58 -1
42 72 -1
9 23 -1
33 79 -1
62 -1
2 13 -1
28 34 -1
39 70 -1
8 17 -1
39 53 -1
12 56 -1
51 63 -1
3 18 -1
18 40 -1
14 52 -1
1 6 -1
40 42 -1
41 63 -1
13 73 -1
36 68 -1
46 -1
53 59 -1
1 31 -1
14 77 -1
4 5 -1
7 35 -1
61 72 -1
33 41 -1
34 49 -1
0 3 -1
43 68 -1
5 60 -1
21 29 -1
 -1
9 11 -1
15 65 -1
25 36 -1
20 45 -1