200
2 12 13 24 25 44 52 59 87 97 99 100 102 114 118 123 127 130 139 141 147 148 151 161 164 178 181 193 197-1
8 9 18 22 24 27 30 44 46 47 52 56 57 75 78 85 86 108 111 125 126 140 142 143 174 184 190 191-1
0 5 9 22 33 35 40 51 63 75 77 79 82 84 90 94 99 104 114 133 136 138 165 168 184 185 188 199-1
15 18 20 23 28 30 36 40 42 43 64 67 77 85 98 101 107 117 122 128 131 134 138 145 154 158 162 182 183 192-1
10 11 35 48 50 54 57 60 70 77 84 88 92 98 100 101 110 125 126 138 142 147 153 165 173 175 195 199-1
2 8 10 13 18 24 32 33 35 40 41 61 67 68 71 74 92 98 102 117 142 149 153 157 173 189 195 198-1
16 28 36 40 54 57 60 63 91 100 108 110 112 114 116 118 131 133 136 141 146 154 157 159 167 172 174 177-1
24 35 43 45 47 48 58 59 68 73 74 75 80 85 87 91 98 100 102 109 118 120 152 157 163 175 182 193 199-1
1 5 16 21 29 32 36 38 50 54 59 87 88 99 114 116 121 124 133 137 138 149 151 158 163 176 178 185 187-1
1 2 11 12 21 30 31 32 34 40 45 51 75 81 92 95 112 114 124 128 131 132 141 150 152 154 160 169 192 194-1
4 5 25 38 57 58 59 60 69 79 96 106 108 110 126 130 131 141 145 147 155 157 163 170 171 180 183 193-1
4 9 14 17 25 28 34 39 44 45 53 57 76 84 95 104 130 139 154 157 159 161 164 166 176 181 197-1
0 9 13 27 35 40 41 53 58 61 63 73 76 77 86 94 122 123 140 142 148 153 168 172 173 187 194 198-1
0 5 12 16 18 19 26 41 54 59 70 73 88 89 94 95 98 105 111 118 133 149 150 152 161 164 189 193-1
11 31 44 46 48 49 54 55 64 66 67 76 83 90 109 112 116 117 136 142 147 150 158 167 170 180 184 185 194-1
3 16 18 23 26 29 35 49 51 55 62 68 73 85 91 92 95 103 105 110 112 118 123 125 138 144 157 165 186 189-1
6 8 13 15 23 27 42 57 59 79 81 83 86 102 109 111 123 141 147 151 163 168 173 182 185 194 196-1
11 20 24 25 29 38 50 56 57 72 77 79 82 85 86 91 93 99 120 127 131 145 150 171 173 174 191 194 195 199-1
1 3 5 13 15 26 37 41 43 44 51 54 56 62 81 87 89 90 91 97 98 104 106 162 165 173 175 195 197 199-1
13 34 47 48 55 63 65 71 74 78 82 84 89 99 106 117 121 126 128 131 141 142 154 156 161 169 180 184 198-1
3 17 29 31 38 40 44 50 73 74 82 103 113 117 129 132 138 150 152 155 168 180 192 193 199-1
8 9 22 38 41 45 78 79 83 84 85 90 91 96 105 107 116 126 145 148 150 154 159 163 172 174 177 187 195 196-1
1 2 21 46 52 64 73 76 84 105 106 108 126 127 145 149 156 161 165 167 169 172 173 175 181 186 189 197-1
3 15 16 24 27 33 37 44 52 53 54 58 62 76 84 85 87 100 115 127 135 137 141 156 177 187 193-1
0 1 5 7 17 23 28 34 44 52 53 67 72 78 82 107 109 114 122 125 143 149 165 167 193 195 197 199-1
0 10 11 17 27 42 43 49 51 52 53 64 80 84 85 93 105 114 118 121 124 129 132 140 144 169 180 182 193-1
13 15 18 35 68 72 81 86 92 95 97 102 103 121 133 138 141 144 145 150 154 158 163 181 188 189 195 198-1
1 12 16 23 25 31 34 41 48 54 56 64 75 78 81 85 95 103 108 111 127 164 166 171 173 185 190 194 198-1
3 6 11 24 33 41 44 47 51 61 66 68 72 76 85 89 90 98 110 132 140 142 148 151 160 166 175 186 190 192-1
8 15 17 20 35 37 41 51 60 66 68 89 91 95 100 116 117 118 122 124 131 141 143 153 178 183 190 194-1
1 3 9 43 45 49 50 55 73 78 84 90 104 116 120 121 122 130 136 148 152 156 157 158 165 168 174 176 181-1
9 14 20 27 52 59 69 73 81 87 101 104 107 109 121 132 134 138 141 147 148 162 169 175 184 193 197-1
5 8 9 36 41 55 59 63 64 65 66 68 82 83 94 99 100 106 110 120 123 139 141 158 162 166 167 168 174 190-1
2 5 23 28 53 85 96 98 101 104 110 112 117 122 126 127 129 134 143 148 162 169 174 175 178 180 183 190-1
9 11 19 24 27 40 44 68 75 78 86 92 97 100 111 120 134 135 152 153 156 160 178 180 183 187 192 199-1
2 4 5 7 12 15 26 29 36 44 52 58 61 69 94 107 117 136 138 151 153 157 174 177 184 186 187 196-1
3 6 8 32 35 41 46 53 69 70 98 99 101 102 106 114 123 129 140 151 153 166 169 176 179 180 185 194 196 199-1
18 23 29 38 42 55 76 79 91 97 103 104 107 118 129 134 136 138 144 161 165 172 175 178 181 182 196-1
8 10 17 20 21 37 61 69 70 71 80 89 97 98 103 111 118 123 137 156 161 166 170 173 175 183 191 193-1
11 40 44 46 50 58 64 74 76 82 83 85 99 105 129 139 140 144 152 154 158 166 170 171 191 193-1
2 3 5 6 9 12 20 34 39 42 48 62 65 67 75 81 85 92 94 109 119 120 130 144 148 157 174 196 197-1
5 12 13 18 21 27 28 29 32 36 43 45 50 54 59 63 79 106 128 132 139 141 142 154 168 169 183 196-1
3 16 25 37 40 51 57 79 101 106 111 120 122 129 131 132 135 136 143 146 163 170 172 174 181 186 192-1
3 7 18 25 30 41 46 51 64 65 69 75 76 84 88 94 99 111 117 138 141 164 166 171 174 188 197 198-1
0 1 11 14 18 20 23 24 28 34 35 39 49 67 78 104 108 109 112 114 132 158 164 182 184 185 199-1
7 9 11 21 30 41 52 54 59 65 69 73 74 77 89 90 102 115 124 135 141 144 147 149 160 174 178 186-1
1 14 22 36 39 43 56 77 80 87 97 103 109 115 116 117 123 125 134 139 148 156 163 166 171 174 178 197-1
1 7 19 28 51 52 53 55 62 74 75 82 101 116 121 124 138 144 153 157 162 165 179 183 184 191-1
4 7 14 19 27 40 54 56 58 60 68 84 90 100 105 108 110 121 126 129 131 141 155 166 169 183 185 193-1
14 15 25 30 44 52 55 57 61 71 72 81 86 97 117 120 121 131 134 145 153 161 165 174 177 178 182 193 199-1
4 8 17 20 30 39 41 51 52 56 72 73 87 90 100 101 104 109 113 124 134 149 159 177 186 192 194 197 199-1
2 9 15 18 25 28 29 42 43 47 50 53 56 70 81 102 113 123 126 132 146 149 152 167 173 182 194 196-1
0 1 22 23 24 25 31 35 45 47 49 50 62 70 77 87 103 104 119 122 125 130 133 150 151 170 172 195-1
11 12 23 24 25 33 36 47 51 56 60 63 68 83 88 101 104 109 113 120 136 148 151 154 168 170 196-1
4 6 8 13 14 18 23 27 41 45 48 58 63 73 75 77 89 93 102 108 116 120 146 156 158 174 192 193 195 199-1
14 15 19 30 32 37 47 49 57 63 77 78 80 83 89 105 110 112 113 122 126 140 145 154 156 172 178 189-1
1 17 18 27 46 48 50 51 53 59 60 63 70 86 92 95 97 103 110 113 118 121 132 135 141 142 153 182 187 192-1
1 4 6 10 11 16 17 42 49 55 59 71 76 91 97 100 105 106 111 113 120 129 163 168 174 190 196-1
7 10 12 23 35 39 48 54 60 71 81 84 88 93 97 106 119 120 121 128 130 135 146 160 170 177-1
0 7 8 10 13 16 31 32 41 45 56 57 60 64 67 71 86 88 94 115 124 127 146 157 159 163 189 198-1
4 6 10 29 48 53 56 58 59 64 65 69 70 72 91 101 128 132 138 140 154 156 167 174 178 192 194-1
5 12 28 35 38 49 63 75 83 84 90 107 120 129 130 137 138 139 140 146 148 160 161 164 172 181 194 195 199-1
15 18 23 40 47 52 65 75 93 98 110 112 113 119 123 132 146 148 149 150 153 158 161 175 179 188 193-1
2 6 12 19 32 41 53 54 55 56 61 65 77 80 81 82 90 105 115 129 136 153 163 170 171 175 185 199-1
3 14 22 25 27 32 39 43 59 60 69 72 80 95 113 122 128 137 143 152 160 163 167 170 175 186 188 194-1
19 32 40 43 45 60 62 63 67 72 74 80 118 124 135 149 151 156 170 174 176 177 182 186 189 190 199-1
14 28 29 32 72 73 77 83 84 88 92 93 99 104 106 109 113 114 118 134 144 150 154 170 185 191 197 198-1
3 5 14 24 40 44 59 65 70 77 78 82 88 90 100 103 104 108 114 115 119 129 148 155 159 169 182 185 194-1
5 7 15 26 28 29 32 34 48 53 71 78 83 92 99 102 103 109 119 121 131 136 142 144 162 169 172 185-1
10 31 35 36 38 43 45 60 64 75 78 97 98 103 106 107 111 123 126 129 130 133 135 153 161 162 181 191-1
4 13 36 38 51 52 56 60 67 72 77 79 80 88 90 117 133 134 141 148 154 155 160 162 163 174 183 192 195-1
5 19 38 49 57 58 59 68 77 80 81 86 88 103 114 122 123 130 131 142 147 155 158 168 169 186 196-1
17 24 26 28 49 50 60 64 65 66 70 85 88 91 93 97 99 108 136 141 151 154 156 159 171 173 178 189 196-1
7 12 13 15 20 22 30 31 45 50 54 66 80 81 101 103 105 120 127 135 148 160 176 189 193 198 199-1
5 7 19 20 39 45 47 65 76 86 90 98 102 103 104 105 106 108 109 111 112 119 140 141 164 174 191 195 199-1
1 2 7 9 27 34 40 43 47 54 61 62 69 78 80 83 92 93 97 119 123 134 140 146 166 181 188-1
11 12 14 22 23 28 37 39 43 57 74 77 98 104 111 114 116 128 129 134 141 142 155 156 162 181 186 189 199-1
2 3 4 12 17 45 46 52 54 55 63 66 67 70 71 76 80 107 116 124 130 133 144 147 163 174 181-1
1 19 21 24 27 30 34 44 55 67 68 69 75 89 96 129 144 155 158 161 164 168 171 176 187 196-1
2 10 16 17 21 37 41 42 70 90 94 95 99 100 114 117 119 121 123 124 128 129 142 148 167 175 179 183 187-1
7 25 38 46 55 63 64 65 70 71 73 75 77 87 92 100 108 112 118 123 124 127 149 155 172 188 195-1
9 16 18 26 27 31 40 49 51 58 63 71 73 87 100 101 103 110 115 122 125 130 136 145 159 171 178-1
2 17 19 20 24 32 39 47 63 67 85 91 93 96 99 108 109 119 132 136 154 158 169 170 175 188 192 196-1
14 16 21 32 39 53 55 61 66 68 75 87 88 99 108 110 115 129 134 137 140 142 145 170 174 175 177 181 198-1
2 4 11 19 21 22 23 25 30 43 48 58 61 66 93 136 140 142 145 153 155 158 183 186 192 194 195 197-1
1 3 7 15 17 21 23 25 27 28 33 39 40 72 82 87 104 107 124 135 137 138 154 157 162 176 181-1
1 12 16 17 26 34 49 56 59 71 74 92 93 110 111 117 122 129 141 162 171 178 180 182 183 196-1
0 7 8 18 23 31 46 50 52 80 81 83 85 89 91 99 103 104 107 113 115 116 130 133 155 164 165 191 197-1
4 8 13 43 53 58 59 66 67 70 71 72 83 89 95 98 116 124 144 151 152 158 168 169 186 198-1
13 18 19 28 29 38 45 54 55 78 87 88 90 94 103 119 139 142 148 149 150 156 160 166 171 173 180 195 198-1
2 14 18 21 28 30 45 48 50 61 63 67 70 74 79 89 97 105 119 122 130 138 140 145 161 164 168 187 199-1
6 7 15 17 18 21 29 37 57 60 72 82 87 94 107 118 126 131 134 135 139 153 169 184 186 189 196 199-1
4 5 9 15 26 34 40 56 66 68 75 80 86 93 98 100 114 115 117 120 127 131 139 164 171 182 186 197-1
17 25 54 58 62 66 72 75 82 84 86 92 97 98 108 128 133 140 146 151 161 165 170 177 178 188 197-1
2 12 13 32 35 40 43 59 79 89 91 108 109 124 126 137 149 150 152 155 160 162 163 168 174 187 188 197-1
9 11 13 15 26 27 29 56 64 79 88 106 111 115 121 129 130 133 135 147 151 152 169 180 190 194 197-1
10 21 33 78 82 98 103 105 109 112 115 121 123 127 130 134 135 140 141 146 157 163 170 184 191 195 199-1
0 18 26 34 37 38 46 49 56 57 58 69 72 75 90 93 102 105 115 118 129 137 139 167 173 181 192-1
3 4 5 7 13 18 28 33 36 38 62 69 74 76 88 92 93 96 101 118 124 127 133 140 173 176 177 194 197-1
0 2 8 17 19 32 36 39 43 66 68 72 79 82 83 87 103 109 110 117 125 126 128 153 158 166 169 171 184-1
0 4 6 7 23 29 32 34 48 50 57 67 79 80 81 92 113 122 129 135 137 142 160 161 163 172 178-1
3 4 31 33 36 42 47 50 53 60 73 81 98 103 111 121 132 134 135 145 159 161 171 172 178 186 192 198-1
0 5 7 16 26 36 45 51 54 68 74 97 115 119 122 133 142 151 159 160 162 168 171 176 178 187 189 190-1
15 20 26 27 37 38 46 52 56 67 68 69 71 73 74 81 87 89 96 99 101 109 116 130 137 138 146 157 160 188-1
2 11 18 30 31 33 37 44 50 52 53 66 67 74 76 85 87 116 122 128 138 139 146 156 158 160 174-1
13 15 21 22 25 39 48 55 57 63 73 74 90 96 97 110 118 132 135 139 146 149 157 160 167 178 191 192 195-1
10 18 19 22 32 36 41 42 57 58 66 69 74 95 107 120 131 134 136 137 147 155 161 163 169 188 191 198-1
3 21 24 31 35 37 61 69 77 85 87 91 106 113 118 121 122 128 132 134 144 150 157 159 164 176 181 192 194-1
1 6 10 22 27 44 48 54 67 72 74 80 82 83 93 94 113 122 123 125 136 137 155 167 190 196-1
7 14 16 24 31 40 44 46 50 53 66 68 74 82 94 96 99 103 118 144 150 154 156 159 160 174 178 186-1
4 6 10 15 28 32 33 48 55 56 62 81 83 86 99 105 117 119 122 153 155 162 167 168 169 184 187 189-1
1 13 16 27 34 38 42 43 57 69 74 76 86 95 101 117 122 123 126 133 134 149 155 156 166-1
6 9 14 15 33 44 55 62 74 80 96 113 115 116 121 122 128 129 131 137 140 146 154 169 176 177 178 179 180 193-1
20 50 51 53 55 56 57 62 64 66 87 100 107 108 112 128 131 133 135 140 147 149 158 162 183 185 189 191-1
0 2 6 8 9 24 25 36 44 66 67 71 76 79 92 119 122 125 141 148 154 155 163 165 171 173 183 185 198-1
23 45 46 59 63 67 81 83 87 92 95 96 97 102 112 116 117 119 120 122 129 138 143 152 153 164 170-1
6 8 14 21 29 30 46 47 54 76 77 87 88 103 104 112 115 119 131 139 155 157 167 171 175 177 185 190 196-1
3 5 14 19 20 29 33 35 43 46 49 70 79 86 92 99 110 111 115 130 131 144 150 156 171 195-1
0 6 7 13 15 25 29 37 38 56 65 66 80 91 97 98 105 107 109 127 143 163 166 169 172 181 188 198-1
40 52 58 62 67 68 74 75 79 82 89 90 102 110 114 115 116 120 136 158 161 162 170 175 181 183 186 187 190-1
7 17 30 32 34 40 42 49 53 54 57 58 61 73 92 106 115 119 139 143 149 150 172 175 179 184 199-1
8 19 25 26 30 31 47 48 49 56 58 68 79 95 96 101 107 112 130 132 134 148 153 154 162 167 173 186-1
3 12 24 29 30 33 42 52 55 64 71 81 86 90 100 102 104 107 108 110 111 112 114 115 125 128 136 161 174 187-1
0 12 15 16 32 36 38 46 51 62 69 71 75 79 80 96 108 111 125 127 142 155 158 170 178 179 184 186 195-1
8 9 25 29 45 47 50 59 65 77 79 80 85 88 94 98 130 134 148 151 170 173 176 179 197-1
1 4 15 24 46 52 81 99 108 114 122 123 130 137 138 142 148 156 157 165 175 180 183 187 189 190 191 192 193-1
1 4 10 19 21 22 33 48 51 55 69 91 94 99 111 136 137 139 142 144 153 163 164 169 184 198-1
0 17 22 23 27 33 59 73 80 92 96 98 118 123 129 131 133 139 146 154 158 164 167 171 175 181 183 190 194-1
3 9 19 41 58 60 64 76 79 93 99 104 107 112 113 122 130 142 150 161 166 168 171 174 177 184 192 193-1
20 25 33 36 37 39 42 48 57 61 63 67 69 76 78 79 83 86 95 97 100 112 115 127 135 137 194-1
0 10 11 30 40 52 58 61 69 71 77 81 87 90 95 96 103 117 121 124 125 128 133 184 185 188 198-1
3 6 9 10 17 19 29 42 48 49 68 71 91 92 106 112 113 116 117 127 132 141 154 167 176 179 193 198-1
9 20 25 28 31 41 42 44 51 56 60 62 82 101 105 107 121 131 146 150 152 162 167 177 182 189 194-1
2 6 8 13 26 52 69 70 77 87 93 95 98 102 111 113 127 130 141 142 146 157 173 174 177 178 179 186-1
3 31 33 34 37 46 49 50 66 70 75 76 83 91 96 101 106 107 111 121 124 137 152 161 170 185 192 193-1
23 34 42 45 56 58 65 69 73 85 91 95 96 100 101 105 113 129 136 144 148 152 154 161 167 170 181 186-1
2 6 14 30 35 37 42 53 63 68 72 81 82 84 106 108 119 122 126 135 138 151 152 190 193 199-1
8 23 38 61 64 83 85 94 97 100 103 106 108 112 125 126 129 134 140 146 160 164 170 173 175 178 185 198-1
2 3 4 8 15 20 26 31 35 37 43 47 60 61 85 90 103 104 115 125 136 143 147 150 173 178 184 195-1
0 11 32 39 41 46 61 89 91 92 97 104 105 116 120 126 127 146 147 156 167 179 182 186 193 196 198-1
1 12 25 28 36 39 55 60 61 74 75 83 84 90 93 96 98 112 113 137 159 160 166 175 182 192 196-1
0 6 9 10 16 19 23 26 29 31 32 41 43 45 48 56 70 72 74 76 86 96 114 131 133 153 179-1
1 4 5 12 14 19 28 41 56 68 71 76 79 83 84 89 100 102 123 125 126 128 133 158 172 186 188 196-1
1 24 29 33 42 64 115 118 120 138 144 147 149 151 152 161 164 169 178 179 180 183 189 191 195-1
15 25 26 37 39 40 45 47 66 68 77 78 88 107 109 117 126 135 143 151 164 175 177 180 189 194 195-1
3 10 17 21 22 26 49 55 81 83 84 90 101 148 149 150 153 155 160 170 177 181 183 186 188 191 194-1
6 42 51 54 58 59 61 62 75 93 96 103 104 105 112 127 132 133 137 139 166 171 172 173 176 178 179 187 191-1
0 4 10 14 16 31 45 71 77 95 106 113 138 139 143 150 153 156 158 167 169 171 176 178 181 189-1
0 12 21 28 30 31 33 40 46 53 61 62 67 70 73 79 89 114 121 124 125 135 145 153 158 165 187 195-1
5 8 13 22 24 45 50 51 62 65 80 89 94 105 111 113 120 143 145 163 165 167 169 170 175 189 192 193-1
9 13 14 17 20 21 26 52 62 66 89 94 107 109 117 120 128 132 138 145 147 154 163 166 184 186 193-1
0 8 16 28 35 36 52 53 65 72 88 93 95 102 124 136 143 144 156 168 171 175 176 180 184 193-1
7 9 13 20 30 34 39 51 64 88 94 95 115 132 134 135 136 143 156 163 169 173 180 182 190 198-1
4 5 12 29 34 35 36 47 49 56 62 63 69 84 91 99 110 115 121 126 141 145 147 148 180 181 190 191 195 197-1
3 6 9 11 19 21 26 39 41 53 55 60 66 70 72 82 85 109 112 114 121 127 131 135 150 165 170 186 198-1
10 20 48 67 70 71 76 78 80 84 87 94 106 108 110 111 114 116 123 145 163 175 176 189 194-1
19 22 23 30 34 38 46 54 55 60 65 72 76 89 104 109 111 117 125 139 147 151 152 159 163 164 181 188-1
5 6 7 10 11 15 30 35 40 47 59 85 96 103 105 107 116 125 133 160 162 180 187 191 192 198-1
3 8 14 26 30 32 39 44 54 62 71 78 82 84 88 99 104 113 119 123 127 142 147 148 163 169 172 176 189 197-1
6 11 21 50 59 67 72 81 101 102 107 109 140 156 161 164 168 169 170 176 177 180 183 184 189 194 195 199-1
9 28 34 45 58 61 64 70 73 89 94 100 102 103 104 105 109 137 140 145 157 162 163 173 175 179 187 191-1
0 11 13 19 22 37 38 49 61 62 69 78 90 93 100 101 106 119 122 128 134 135 143 159 164 168 187 195 199-1
3 18 31 32 33 47 68 69 70 76 85 86 94 102 110 113 119 121 132 157 160 166 167 173 180 184 187 188 189-1
7 8 10 16 21 26 42 46 57 59 63 64 70 77 94 96 100 106 114 118 126 149 150 152 155 156 158 160 194-1
0 11 13 27 43 44 61 74 78 87 90 92 107 115 126 127 137 143 144 156 159 161 170 172 191 194 195 198-1
2 4 15 18 22 24 30 37 47 49 87 93 114 125 148 149 154 168 170 173 175 177 179 182 185 187 189-1
11 27 28 32 36 38 39 43 46 48 75 89 99 111 118 128 140 146 150 162 177 179 181 182 191 195-1
6 14 22 24 32 51 60 64 79 97 105 108 110 116 121 127 131 132 135 139 147 149 162 187 191 192 194-1
2 12 16 20 30 32 41 53 57 71 78 88 90 94 102 110 128 151 159 161 165 179 181 187 190 191-1
9 19 22 25 31 33 36 41 48 67 68 71 82 88 91 95 99 106 110 112 118 126 143 147 149 152 158 159 192-1
10 14 38 39 42 52 53 58 63 64 65 66 82 83 93 96 115 119 123 124 134 135 137 145 149 154 159 164 165-1
10 17 27 39 43 46 63 72 78 81 86 89 92 99 101 102 114 116 117 127 128 146 147 151 175 177 182 186 188-1
6 12 21 22 37 42 52 55 61 68 80 100 101 118 120 142 146 158 164 177 179 180 184 187 189 191 196 197-1
4 5 12 16 17 18 22 27 38 51 72 89 97 98 114 121 124 133 137 138 146 152 160 162 165 176 177 181 187 199-1
1 6 17 21 30 32 33 35 40 42 43 45 46 49 54 57 60 65 70 74 77 83 94 104 109 122 128 133-1
4 7 18 22 28 31 33 37 38 62 63 64 79 82 83 116 119 120 125 127 137 140 144 149 151 155 160 165 171-1
8 11 30 36 65 73 78 85 98 102 107 112 124 131 146 147 151 155 158 159 173 177 185 189-1
6 21 23 35 49 50 58 65 83 93 98 112 116 128 132 133 144 145 159 165 166 171 172 173 176 181 185 194 196-1
0 8 29 33 34 37 45 46 49 55 60 72 81 86 93 100 101 102 105 109 112 123 133 137 138 143 146 147-1
36 47 62 79 112 120 123 124 131 133 139 141 143 146 160 165 166 168 172 182 184 187 188 192 194 197-1
10 14 19 20 25 33 34 36 86 89 95 112 125 143 144 151 152 153 157 159 162 172 183 185 187 188 196-1
0 11 22 26 30 37 42 61 69 75 76 77 83 85 97 107 118 119 127 135 145 147 153 156 166 168 173 177-1
3 7 16 25 37 44 49 51 56 65 67 86 92 132 139 140 152 165 166 171 179 184 185 188 198-1
3 10 29 33 34 38 41 47 48 70 79 84 86 113 114 119 125 127 143 145 159 180 184 190 196 197-1
1 2 14 19 31 35 44 47 91 96 99 110 120 123 126 128 130 138 150 151 159 162 172 179 182 183 192 197-1
2 8 14 16 27 36 44 48 63 66 67 68 113 114 116 130 134 137 165 176 177 180 182 190 192 196 197-1
15 22 28 35 42 45 50 64 65 71 76 84 88 91 92 101 109 119 121 123 133 135 139 142 145 150 154 171-1
8 12 21 23 34 35 56 78 79 90 94 102 110 119 122 125 146 148 157 160 161 162 165 167 168 172 173 179 180-1
2 26 43 62 64 75 80 82 93 94 103 106 118 130 142 145 156 162 171 179 180 182 190 196 197-1
5 13 15 22 26 55 59 65 72 73 76 91 102 110 113 125 132 143 144 147 149 155 158 159 162 165 172 176-1
1 27 28 29 32 33 57 65 95 102 108 116 119 125 127 136 152 153 168 183 185 188 196 197-1
1 17 38 39 47 66 69 74 87 96 105 106 113 125 143 145 146 153 157 160 164 166 167 168 172-1
3 9 20 28 34 42 50 54 56 60 70 82 84 97 101 105 107 125 128 134 140 149 157 167 169 179 184 185-1
0 7 10 13 20 23 24 25 31 38 39 48 49 54 62 73 112 125 128 131 134 136 139 149 150 151-1
9 12 14 16 17 27 29 36 50 51 60 61 64 67 84 95 98 107 127 129 132 144 145 155 159 163 164 167 177 179-1
4 5 17 18 21 24 26 52 54 61 70 74 80 84 89 96 105 117 123 138 143 144 148 153 159 161 164 166-1
16 21 35 36 37 40 41 51 53 57 71 72 78 82 86 91 108 116 139 140 142 172 177 180 183 185 188 190-1
0 11 18 22 24 31 40 43 46 50 66 84 87 92 93 94 95 98 124 153 158 172 179 183 184 185 188 190-1
5 12 19 26 27 43 59 66 73 83 88 89 101 106 114 118 126 130 131 137 139 152 154 157 164 182-1
2 4 7 17 18 20 24 34 36 44 49 50 54 61 63 65 73 74 76 90 91 96 120 136 159 161 173-1
