80
7 65 -1
18 53 -1
12 33 -1
33 38 -1
24 32 -1
19 60 -1
36 77 -1
0 11 -1
42 47 -1
15 44 -1
70 -1
7 24 -1
2 36 -1
43 46 -1
52 62 -1
9 72 -1
29 41 -1
31 66 -1
1 55 -1
5 55 -1
53 78 -1
51 60 -1
57 78 -1
42 65 -1
4 11 -1
26 74 -1
25 73 -1
47 56 -1
51 67 -1
16 40 -1
35 66 -1
17 45 -1
4 37 -1
2 3 -1
73 74 -1
30 40 -1
6 12 -1
32 62 -1
3 52 -1
63 76 -1
29 35 -1
16 77 -1
8 23 -1
13 71 -1
9 54 -1
31 64 -1
13 58 -1
8 27 -1
63 75 -1
54 76 -1
58 75 -1
21 28 -1
14 38 -1
1 20 -1
44 49 -1
18 19 -1
27 69 -1
22 71 -1
46 50 -1
67 69 -1
5 21 -1
68 72 -1
14 37 -1
39 48 -1
45 68 -1
0 23 -1
17 30 -1
28 59 -1
61 64 -1
56 59 -1
10 -1
43 57 -1
15 61 -1
26 34 -1
25 34 -1
48 50 -1
39 49 -1
6 41 -1
20 22 -1
 -1