200
48 127 158 -1
7 51 54 -1
22 73 175 -1
99 184 -1
76 158 196 -1
21 58 101 -1
88 157 198 -1
1 24 183 -1
17 76 147 -1
17 28 132 -1
58 111 178 -1
106 162 192 -1
47 89 175 -1
71 111 141 -1
44 76 119 -1
70 117 138 -1
46 50 100 -1
8 9 82 -1
54 155 181 -1
88 162 198 -1
54 68 79 -1
5 77 179 -1
2 139 140 -1
75 176 -1
7 32 78 -1
108 125 159 -1
102 109 141 -1
40 161 198 -1
9 176 183 -1
47 123 147 -1
120 185 186 -1
141 144 189 -1
24 48 193 -1
63 123 169 -1
45 130 166 -1
127 172 199 -1
101 174 193 -1
131 173 176 -1
73 107 147 -1
49 69 134 -1
27 67 139 -1
109 120 128 -1
52 68 129 -1
127 169 195 -1
14 130 183 -1
34 118 154 -1
16 59 120 -1
12 29 92 -1
0 32 146 -1
39 90 99 -1
16 62 199 -1
1 128 143 -1
42 184 191 -1
57 154 186 -1
1 18 20 -1
73 85 161 -1
78 95 105 -1
53 90 146 -1
5 10 159 -1
46 84 104 -1
133 142 178 -1
100 155 159 -1
50 117 122 -1
33 106 162 -1
93 160 194 -1
131 170 185 -1
128 152 172 -1
40 164 196 -1
20 42 145 -1
39 79 173 -1
15 112 167 -1
13 137 170 -1
77 129 179 -1
2 38 55 -1
93 110 171 -1
23 112 -1
4 8 14 -1
21 72 135 -1
24 56 193 -1
20 69 139 -1
114 144 165 -1
113 116 150 -1
17 190 191 -1
111 122 191 -1
59 122 137 -1
55 158 199 -1
107 123 173 -1
92 164 165 -1
6 19 169 -1
12 140 155 -1
49 57 108 -1
133 140 172 -1
47 87 109 -1
64 74 116 -1
134 161 167 -1
56 146 187 -1
156 163 194 -1
115 168 177 -1
102 179 180 -1
3 49 101 -1
16 61 137 -1
5 36 99 -1
26 98 170 -1
134 154 171 -1
59 117 125 -1
56 121 138 -1
11 63 153 -1
38 86 188 -1
25 90 178 -1
26 41 92 -1
74 113 144 -1
10 13 83 -1
70 75 132 -1
81 110 181 -1
80 136 175 -1
97 135 163 -1
81 93 189 -1
15 62 104 -1
45 150 182 -1
14 185 190 -1
30 41 46 -1
105 181 186 -1
62 83 84 -1
29 33 86 -1
163 171 174 -1
25 104 188 -1
150 156 167 -1
0 35 43 -1
41 51 66 -1
42 72 133 -1
34 44 190 -1
37 65 132 -1
9 112 131 -1
60 91 129 -1
39 94 103 -1
77 115 151 -1
114 138 189 -1
71 84 100 -1
15 105 136 -1
22 40 79 -1
22 89 91 -1
13 26 31 -1
60 148 149 -1
51 153 195 -1
31 80 110 -1
68 194 197 -1
48 57 95 -1
8 29 38 -1
142 160 196 -1
142 166 197 -1
81 118 126 -1
135 153 156 -1
66 164 180 -1
106 143 151 -1
45 53 103 -1
18 61 89 -1
96 126 151 -1
6 165 187 -1
0 4 85 -1
25 58 61 -1
64 148 195 -1
27 55 94 -1
11 19 63 -1
96 115 124 -1
67 87 152 -1
80 87 157 -1
34 149 174 -1
70 94 126 -1
97 192 197 -1
33 43 88 -1
65 71 102 -1
74 103 124 -1
35 66 91 -1
37 69 86 -1
36 124 166 -1
2 12 114 -1
23 28 37 -1
97 187 188 -1
10 60 108 -1
21 72 98 -1
98 152 192 -1
18 113 121 -1
118 -1
7 28 44 -1
3 52 -1
30 65 119 -1
30 53 121 -1
95 157 177 -1
107 125 177 -1
31 116 136 -1
82 119 130 -1
52 82 83 -1
11 168 180 -1
32 36 78 -1
64 96 145 -1
43 143 160 -1
4 67 148 -1
145 149 168 -1
6 19 27 -1
35 50 85 -1