20
1 2 4 5 6 7 8 9 10 12 17 19 -1
0 2 4 6 9 11 12 14 15 -1
0 1 5 7 8 10 11 16 17 18 19 -1
5 6 7 9 11 13 14 16 18 -1
0 1 5 7 8 9 14 16 17 18 -1
0 2 3 4 8 9 13 17 18 -1
0 1 3 8 9 11 12 13 14 18 19 -1
0 2 3 4 10 11 15 16 17 18 19 -1
0 2 4 5 6 9 10 11 12 13 15 -1
0 1 3 4 5 6 8 10 14 19 -1
0 2 7 8 9 12 13 14 15 16 17 18 19 -1
1 2 3 6 7 8 14 15 16 19 -1
0 1 6 8 10 13 14 15 16 17 18 19 -1
3 5 6 8 10 12 14 15 16 17 18 19 -1
1 3 4 6 9 10 11 12 13 16 17 18 -1
1 7 8 10 11 12 13 16 18 19 -1
2 3 4 7 10 11 12 13 14 15 -1
0 2 4 5 7 10 12 13 14 19 -1
2 3 4 5 6 7 10 12 13 14 15 -1
0 2 6 7 9 10 11 12 13 15 17 -1