80
20 23 44 49 58 61 64 -1
3 7 14 20 25 36 48 65 66 -1
22 28 29 31 46 52 54 59 63 66 -1
1 5 9 19 27 31 42 43 48 77 -1
32 36 49 52 54 55 56 59 68 77 -1
3 6 28 36 42 65 78 79 -1
5 9 17 19 20 48 49 51 54 59 -1
1 10 12 13 41 46 53 60 74 -1
9 20 26 33 45 55 68 70 72 73 -1
3 6 8 31 40 41 57 60 68 73 -1
7 12 18 20 31 43 49 79 -1
39 45 46 51 55 56 71 72 -1
7 10 17 32 47 58 64 69 70 75 -1
7 27 30 32 40 48 55 63 64 71 -1
1 17 24 28 48 51 57 58 70 -1
17 29 31 35 45 53 68 72 -1
19 29 39 40 64 65 68 78 79 -1
6 12 14 15 23 30 43 62 69 74 -1
10 20 31 42 50 61 67 77 78 -1
3 6 16 22 35 45 55 58 65 72 -1
0 1 6 8 10 18 25 46 -1
25 30 33 35 41 44 46 61 64 74 -1
2 19 28 31 48 53 60 63 64 69 -1
0 17 42 54 56 69 71 -1
14 27 36 42 58 60 66 76 79 -1
1 20 21 29 32 35 59 62 -1
8 27 28 42 43 59 60 73 76 -1
3 13 24 26 30 36 40 55 69 78 -1
2 5 14 22 26 29 55 69 74 75 -1
2 15 16 25 28 32 47 66 71 75 -1
13 17 21 27 46 54 63 65 69 79 -1
2 3 9 10 15 18 22 42 46 -1
4 12 13 25 29 53 56 58 60 79 -1
8 21 35 43 45 46 51 63 -1
37 40 41 52 55 70 73 77 -1
15 19 21 25 33 38 52 54 67 -1
1 4 5 24 27 37 40 42 44 -1
34 36 42 45 46 57 62 63 75 -1
35 40 42 43 45 48 60 64 68 76 -1
11 16 41 43 56 58 61 66 73 75 -1
9 13 16 27 34 36 38 44 51 63 -1
7 9 21 34 39 54 56 66 76 77 -1
3 5 18 23 24 26 31 36 37 38 -1
3 10 17 26 33 38 39 68 72 -1
0 21 36 40 47 53 61 64 67 69 -1
8 11 15 19 33 37 38 50 51 -1
2 7 11 20 21 30 31 33 37 50 -1
12 29 44 50 59 66 70 71 78 -1
1 3 6 13 14 22 38 52 64 72 -1
0 4 6 10 64 66 71 72 -1
18 45 46 47 51 54 57 70 74 76 -1
6 11 14 33 40 45 50 63 65 -1
2 4 34 35 48 57 61 71 75 76 -1
7 15 22 32 44 54 59 62 68 78 -1
2 4 6 23 30 35 41 50 53 79 -1
4 8 11 13 19 27 28 34 65 68 -1
4 11 23 32 39 41 76 79 -1
9 14 37 50 52 58 63 67 79 -1
0 12 14 19 24 32 39 57 -1
2 4 6 25 26 47 53 65 73 75 -1
7 9 22 24 26 32 38 63 71 76 -1
0 18 21 39 44 52 72 74 77 78 -1
17 25 37 53 65 67 72 73 76 77 -1
2 13 22 30 33 37 40 51 57 60 -1
0 12 13 16 21 22 38 44 48 49 -1
1 5 16 19 30 51 55 59 62 69 -1
1 2 24 29 39 41 47 49 -1
18 35 44 57 62 69 73 77 78 -1
4 8 9 15 16 38 43 53 55 -1
12 17 22 23 27 28 30 44 65 67 -1
8 12 14 34 47 50 75 76 78 -1
11 13 23 29 47 49 52 60 75 77 -1
8 11 15 19 43 48 49 61 62 -1
8 9 26 34 39 59 62 67 -1
7 17 21 28 50 61 75 79 -1
12 28 29 37 39 52 59 70 71 74 -1
24 26 38 41 50 52 56 60 62 70 -1
3 4 18 34 41 61 62 67 71 -1
5 16 18 27 47 53 61 67 70 -1
5 10 16 24 30 32 54 56 57 74 -1