40
2 6 9 10 13 16 27 30 37 -1
3 4 5 10 12 15 20 32 38 -1
0 18 20 26 27 28 29 35 -1
1 5 13 26 29 30 35 39 -1
1 19 24 25 30 32 33 36 37 38 -1
1 3 9 14 17 19 24 27 32 35 -1
0 11 12 21 28 32 33 36 37 -1
10 15 21 24 29 33 36 39 -1
14 15 20 25 29 31 32 38 -1
0 5 10 19 20 21 24 25 27 39 -1
0 1 7 9 14 25 28 29 30 35 -1
6 12 17 19 21 28 30 35 36 -1
1 6 11 18 24 29 34 35 38 -1
0 3 15 18 28 29 34 36 37 -1
5 8 10 15 20 22 24 29 33 37 -1
1 7 8 13 14 23 36 38 39 -1
0 17 18 22 30 32 33 35 36 38 -1
5 11 16 24 25 28 31 35 38 -1
2 12 13 16 21 23 31 39 -1
4 5 9 11 20 27 28 34 36 -1
1 2 8 9 14 19 23 25 27 31 -1
6 7 9 11 18 25 31 34 37 -1
14 16 23 27 31 32 36 39 -1
15 18 20 22 24 27 30 33 -1
4 5 7 9 12 14 17 23 26 27 -1
4 8 9 10 17 20 21 27 28 32 -1
2 3 24 29 30 32 39 -1
0 2 5 9 19 20 22 23 24 25 -1
2 6 10 11 13 17 19 25 37 -1
2 3 7 8 10 12 13 14 26 -1
0 3 4 10 11 16 23 26 -1
8 17 18 20 21 22 34 38 -1
1 4 5 6 8 16 22 25 26 -1
4 6 7 14 16 23 34 37 -1
12 13 19 21 31 33 37 38 39 -1
2 3 5 10 11 12 16 17 -1
4 6 7 11 13 15 16 19 22 -1
0 4 6 13 14 21 28 33 34 -1
1 4 8 12 15 16 17 31 34 -1
3 7 9 15 18 22 26 34 -1