200
4 18 37 39 47 54 71 77 79 86 111 115 116 120 123 127 136 137 142 151 158 165 172 179 186 193 195 199 -1
4 17 19 24 43 45 48 49 53 70 82 104 106 108 124 128 131 140 144 151 154 155 161 164 165 173 179 184 185 -1
8 12 21 26 41 44 47 48 54 55 64 96 99 100 111 122 124 128 131 139 147 160 161 164 170 174 182 198 -1
7 9 18 19 34 38 41 47 53 56 59 62 71 82 86 94 102 104 107 113 118 130 131 136 166 170 175 179 186 194 -1
0 1 6 9 15 22 24 27 29 38 44 47 56 93 95 98 99 115 121 122 127 131 135 140 157 166 189 -1
8 11 34 38 46 59 67 76 85 91 117 119 122 127 128 131 132 136 141 153 172 176 185 194 195 196 -1
4 21 22 26 33 37 42 53 57 58 59 60 61 67 82 83 93 107 114 123 143 144 148 149 153 157 158 159 187 198 -1
3 12 24 27 28 30 34 45 46 51 53 64 68 69 77 97 116 117 126 133 140 150 168 171 173 191 195 199 -1
2 5 28 31 33 38 43 44 48 54 57 66 85 98 99 102 104 109 137 141 145 148 152 157 163 168 178 188 -1
3 4 17 24 25 39 43 49 87 88 95 100 107 118 127 132 136 137 138 141 144 152 153 154 161 165 190 193 -1
11 25 30 37 44 55 58 75 79 80 87 91 93 97 115 123 128 131 132 135 147 152 156 171 172 184 186 187 -1
5 10 12 13 14 18 29 31 56 69 70 93 101 102 103 115 122 133 135 136 140 147 165 177 183 184 185 186 -1
2 7 11 17 35 41 49 58 63 80 85 93 105 111 113 114 127 142 151 152 159 162 163 174 175 178 180 182 -1
11 17 18 21 23 31 33 37 42 53 56 61 80 83 85 92 99 104 127 143 147 156 160 161 184 197 199 -1
11 17 20 26 30 32 39 46 47 54 59 60 67 71 91 110 118 121 122 127 131 143 161 164 186 197 198 -1
4 26 48 58 60 63 68 71 82 94 95 119 123 133 140 142 157 162 164 167 169 180 181 182 185 191 192 199 -1
20 22 49 53 66 71 81 86 98 106 108 110 121 125 130 131 149 150 157 158 168 172 173 175 176 179 182 185 -1
1 9 12 13 14 42 45 54 55 58 61 73 77 80 89 96 101 103 111 117 134 135 154 160 162 165 172 173 187 -1
0 3 11 13 25 36 43 61 63 85 86 93 94 116 126 134 140 143 146 147 150 163 165 183 188 190 192 196 -1
1 3 22 39 41 49 76 78 85 90 96 104 106 133 142 153 163 164 172 175 176 186 190 191 192 193 195 196 199 -1
14 16 37 42 43 46 49 50 59 60 74 82 87 92 95 98 99 100 105 106 128 144 152 158 159 179 190 195 196 -1
2 6 13 26 33 40 61 69 70 75 93 99 103 120 122 125 128 138 147 148 163 164 176 183 185 188 190 197 -1
4 6 16 19 23 30 31 35 53 55 58 62 69 82 84 92 93 104 108 109 120 127 149 160 183 192 198 -1
13 22 24 27 37 46 60 61 63 67 68 106 122 124 129 132 133 134 138 141 145 160 165 170 179 182 188 197 -1
1 4 7 9 23 26 29 40 58 61 63 64 69 74 88 99 100 109 111 122 128 132 136 138 140 150 164 168 191 195 -1
9 10 18 28 29 30 31 34 36 59 62 70 75 88 93 96 120 125 126 129 130 138 146 148 154 177 185 188 -1
2 6 14 15 21 24 28 36 50 68 70 80 103 113 115 119 125 129 130 143 153 157 177 179 181 184 194 -1
4 7 23 29 34 45 48 50 55 56 69 73 75 80 97 99 103 109 139 140 161 165 169 171 172 186 190 195 -1
7 8 25 26 38 39 56 66 88 91 103 106 110 111 118 119 123 127 135 136 139 147 158 161 171 179 187 191 -1
4 11 24 25 27 34 36 40 43 49 55 58 60 67 70 75 78 102 105 125 129 140 166 176 178 181 186 191 192 -1
7 10 14 22 25 32 43 48 53 54 56 71 78 83 93 94 95 97 101 110 111 113 114 146 153 162 174 184 192 -1
8 11 13 22 25 34 43 55 62 64 76 90 112 120 125 127 128 131 142 148 152 156 162 164 169 182 198 -1
14 30 36 37 39 42 61 64 65 71 77 87 92 93 94 103 105 121 126 127 128 143 150 152 162 165 171 187 192 -1
6 8 13 21 34 45 53 59 68 69 74 98 105 110 112 115 117 120 134 147 161 164 169 181 183 191 195 -1
3 5 7 25 27 29 31 33 53 58 62 74 76 88 92 113 123 124 129 139 141 145 148 153 182 184 194 195 -1
12 22 38 42 43 48 49 74 75 92 109 110 118 121 128 130 133 137 144 146 147 150 152 177 180 181 194 -1
18 25 26 29 32 57 59 60 67 70 79 80 84 86 92 105 107 118 145 146 147 154 159 166 180 183 184 187 198 -1
0 6 10 13 20 23 32 38 41 42 58 59 60 74 81 83 86 88 98 117 122 133 146 156 167 169 180 187 194 -1
3 4 5 8 28 35 37 49 60 84 91 94 119 126 136 140 143 146 160 163 165 167 182 192 194 196 197 -1
0 9 14 19 28 32 57 71 76 80 85 90 91 112 124 126 132 136 164 166 168 176 178 184 189 193 194 196 198 -1
21 24 29 43 44 55 78 86 90 92 103 112 117 126 130 148 152 153 158 163 166 177 180 197 -1
2 3 12 19 37 47 48 50 62 63 70 76 87 90 96 104 106 113 121 127 150 164 173 185 190 194 195 197 -1
6 13 17 20 32 35 37 48 62 70 77 79 89 97 101 103 105 114 115 129 140 142 158 168 170 171 173 182 -1
1 8 9 18 20 29 30 31 35 40 46 55 65 70 71 74 80 82 115 124 131 149 151 153 156 187 188 194 -1
2 4 8 10 40 56 58 63 68 76 77 88 105 109 116 120 123 139 155 158 160 167 168 170 176 177 178 180 -1
1 7 17 27 33 47 62 64 75 76 81 84 85 101 102 104 114 115 144 151 167 176 177 186 193 195 -1
5 7 14 20 23 43 47 57 58 63 76 77 84 85 91 101 112 120 127 129 136 145 149 152 162 177 189 -1
0 2 3 4 14 41 45 46 53 58 62 63 81 101 104 115 125 138 141 149 153 159 165 176 189 197 -1
1 2 8 15 27 30 35 41 42 59 71 72 95 100 105 130 137 138 139 144 147 149 155 165 167 176 182 183 192 -1
1 9 12 16 19 20 29 35 38 59 82 93 97 103 104 119 122 134 136 139 140 141 144 146 154 164 179 193 194 -1
20 26 27 41 55 61 67 73 87 89 94 95 99 110 114 122 123 131 132 133 135 140 141 142 151 153 169 -1
7 52 53 57 59 64 67 72 75 78 90 92 96 98 110 113 128 148 156 159 173 180 182 184 189 190 193 -1
51 53 56 68 80 83 86 99 108 111 120 123 124 128 130 143 147 152 156 159 161 169 170 195 -1
1 3 6 7 13 16 22 30 33 34 47 51 52 62 69 76 100 110 117 121 129 144 175 186 187 189 194 196 -1
0 2 8 14 17 30 55 84 90 93 102 104 110 112 114 117 118 126 130 142 146 147 148 154 165 176 189 -1
2 10 17 22 27 29 31 40 43 50 54 56 63 64 68 70 88 89 144 152 160 166 173 183 188 190 198 199 -1
3 4 11 13 27 28 30 44 52 55 61 63 73 81 84 86 88 92 95 110 126 139 148 157 167 170 178 198 -1
6 8 36 39 46 51 62 64 65 68 94 100 103 109 114 119 120 123 125 133 139 147 150 155 156 162 188 195 196 -1
6 10 12 15 17 22 24 29 34 37 44 46 47 62 82 85 96 98 117 124 139 145 149 150 173 192 -1
3 5 6 14 20 25 33 36 37 48 49 51 67 69 77 97 102 108 109 111 115 123 156 162 167 196 -1
6 14 15 20 23 29 36 37 38 64 79 83 88 92 101 116 120 124 126 138 141 153 178 180 186 187 191 -1
6 13 17 18 21 23 24 32 50 56 70 75 77 85 87 88 89 91 122 131 139 153 166 171 176 189 195 199 -1
3 22 25 31 34 41 42 45 47 53 57 58 65 67 75 82 112 131 136 145 155 156 166 169 171 173 184 199 -1
12 15 18 23 24 41 44 46 47 55 56 64 97 98 101 105 111 117 121 125 128 134 141 142 165 170 196 -1
2 7 24 31 32 45 51 55 57 60 63 67 74 76 86 94 99 111 112 113 117 122 124 132 137 142 147 167 -1
32 43 57 62 66 67 71 85 90 91 98 109 122 136 145 152 154 155 163 176 178 180 183 187 195 -1
8 16 28 65 75 81 85 87 95 121 124 125 126 127 137 140 149 153 154 157 163 167 173 177 178 180 183 186 -1
5 6 14 23 29 36 50 51 59 62 64 65 82 98 106 108 109 137 139 148 152 156 157 163 166 171 198 -1
7 15 23 26 33 44 52 55 57 74 80 90 93 101 103 111 123 125 135 136 146 159 165 172 177 184 189 194 197 -1
7 11 21 22 24 27 33 53 59 81 90 96 97 101 103 104 119 122 126 134 140 141 151 156 167 175 188 196 -1
1 11 21 25 26 29 36 41 42 43 55 61 72 82 88 97 101 102 110 115 118 127 133 137 138 160 195 196 -1
0 3 14 15 16 30 32 39 43 48 65 79 83 92 110 112 115 125 148 149 161 166 168 169 178 180 182 -1
48 51 70 73 76 79 83 86 91 92 106 107 108 112 121 128 136 138 142 149 155 163 164 170 187 188 194 197 199 -1
17 27 50 56 72 75 85 87 90 93 102 115 120 125 138 150 151 162 167 169 172 178 183 187 192 -1
20 24 33 34 35 37 43 64 68 76 94 98 103 110 113 117 126 130 132 138 146 150 164 169 171 181 184 190 198 -1
10 21 25 27 29 35 45 51 61 62 66 73 86 103 117 129 131 134 138 141 142 152 177 178 179 186 188 198 -1
5 19 31 34 39 41 44 45 46 53 64 72 74 79 81 96 114 120 122 127 137 169 176 186 187 198 199 -1
0 7 17 32 42 44 46 59 61 79 90 101 106 108 112 118 131 135 136 137 139 154 156 159 161 169 190 192 197 199 -1
19 29 30 40 51 85 95 104 106 110 115 117 118 119 121 126 127 135 144 149 151 162 164 175 177 190 196 198 -1
0 10 36 42 60 71 72 76 77 80 82 90 92 97 104 108 111 118 126 129 133 141 150 158 172 181 185 198 199 -1
10 12 13 17 26 27 36 39 43 52 68 79 90 98 99 108 120 121 137 141 142 144 162 169 178 187 191 199 -1
16 37 45 47 56 66 69 76 82 93 101 111 119 134 141 142 149 165 166 167 168 182 188 189 190 193 194 -1
1 3 6 15 20 22 43 49 58 62 67 70 79 81 87 89 111 114 116 119 130 138 140 144 145 147 166 169 -1
6 13 30 37 52 60 71 72 85 97 98 105 119 126 127 132 135 138 142 151 153 154 158 170 174 186 193 -1
22 36 38 45 46 54 56 85 87 91 93 97 103 110 111 119 130 134 140 145 153 155 161 164 165 168 178 192 198 -1
5 8 12 13 18 19 39 45 46 58 61 65 66 73 78 83 84 88 97 127 149 150 161 178 180 186 196 -1
0 3 16 18 36 37 40 52 56 64 72 75 97 99 106 114 115 122 125 130 135 138 141 142 151 155 157 170 -1
9 10 20 32 41 50 61 66 73 82 84 90 106 117 121 130 132 140 146 147 155 156 162 166 181 187 196 -1
9 24 25 28 34 37 44 55 56 60 61 70 85 90 115 116 120 123 131 133 143 157 171 179 180 186 190 193 -1
17 42 50 55 61 82 93 94 95 99 107 114 135 136 152 163 167 169 170 176 177 179 185 187 189 195 197 -1
19 31 39 40 41 51 54 65 68 69 73 77 79 80 87 88 91 95 97 98 99 101 102 115 119 133 140 143 163 186 -1
5 10 14 28 38 39 46 61 65 72 84 90 94 98 116 120 128 134 136 150 153 154 164 176 183 185 186 -1
13 20 22 32 34 35 36 40 51 56 60 71 72 79 110 121 127 136 141 147 162 163 167 169 182 198 199 -1
4 6 10 11 12 18 21 22 25 30 32 49 54 68 73 81 84 89 103 116 131 137 139 148 170 177 187 190 196 -1
3 15 18 30 32 38 50 57 64 74 89 91 95 103 111 127 134 147 148 149 156 162 166 167 171 173 175 177 -1
4 9 15 20 30 48 50 56 66 78 89 90 94 104 125 126 132 136 138 140 141 143 154 159 164 168 175 197 -1
2 17 19 25 41 51 58 69 76 103 114 122 130 137 148 151 153 157 158 159 165 168 173 174 181 186 191 196 -1
7 10 27 30 42 49 59 63 69 70 79 83 84 85 86 90 100 117 120 135 137 163 176 188 192 194 196 -1
4 8 16 20 33 37 51 58 63 65 67 74 80 83 90 91 108 112 138 142 143 152 163 165 186 188 194 198 -1
2 4 8 13 20 21 24 27 50 52 64 80 86 89 90 110 113 115 118 129 137 152 153 154 158 164 169 197 -1
2 9 20 24 48 53 57 97 103 109 111 118 120 121 128 140 154 157 159 161 167 175 179 184 185 188 190 194 -1
11 17 30 42 45 46 47 60 63 68 69 70 77 81 90 102 110 117 118 133 146 152 159 162 186 189 191 193 -1
3 8 11 29 45 54 59 70 73 90 101 105 120 123 129 136 147 149 152 153 165 166 176 183 184 185 188 189 194 198 -1
11 17 21 26 27 28 32 40 42 49 57 68 69 74 75 84 93 94 96 100 122 127 142 148 154 157 161 181 -1
1 3 8 13 19 22 41 45 47 49 54 69 78 79 95 119 120 124 126 129 131 142 143 145 150 183 187 191 -1
12 20 29 32 33 36 42 44 48 63 83 102 112 120 129 130 131 136 140 142 147 155 159 166 169 179 186 188 198 -1
1 16 19 20 23 28 41 67 72 77 78 86 87 122 128 131 141 143 145 153 157 164 176 177 178 187 193 197 -1
3 6 9 36 72 89 108 120 122 126 127 128 133 134 138 146 147 148 152 156 166 167 169 176 179 180 195 -1
1 16 22 52 59 67 72 77 79 80 98 107 110 112 118 124 129 137 138 150 156 165 168 171 172 182 191 194 199 -1
8 22 24 27 35 44 57 59 65 67 100 115 118 122 124 131 134 137 139 140 143 145 148 149 151 157 161 166 196 -1
14 16 28 30 33 35 50 51 53 54 56 70 71 74 78 84 92 99 101 108 125 131 156 171 177 190 197 -1
0 2 12 17 24 28 30 52 59 63 64 68 79 81 82 84 94 100 116 120 121 130 151 158 167 173 180 187 193 -1
31 33 39 40 46 54 62 64 71 72 77 98 105 108 120 121 132 133 137 138 149 153 167 168 169 181 193 -1
3 12 26 30 34 41 51 64 74 99 127 129 132 134 141 143 144 145 151 152 157 158 159 160 161 175 181 183 186 -1
6 12 30 42 45 50 54 57 76 82 86 89 96 118 124 126 128 129 132 147 148 151 153 168 176 186 189 197 -1
0 4 10 11 26 33 42 43 45 47 59 70 71 73 78 86 88 90 99 109 124 131 140 148 149 161 162 -1
0 7 18 44 60 82 88 91 93 111 118 127 129 137 138 144 154 158 160 167 175 178 182 183 184 189 190 192 -1
5 7 17 33 37 40 53 54 58 63 64 74 75 78 87 97 101 123 129 137 146 153 155 162 171 172 183 186 188 -1
3 9 14 28 35 36 54 70 77 78 79 99 100 101 108 109 114 116 135 140 142 145 149 150 167 173 175 189 193 -1
5 15 26 28 38 49 57 69 78 81 82 83 84 90 104 120 124 127 141 145 153 159 161 162 165 168 173 196 -1
0 21 22 25 31 33 44 46 52 57 60 73 76 80 88 91 97 100 102 104 105 107 111 112 119 127 128 -1
4 14 16 32 35 41 53 63 66 72 78 80 87 92 100 111 112 123 124 125 128 141 148 164 165 169 177 180 182 -1
2 4 5 11 14 21 23 24 37 49 50 61 64 65 69 76 86 96 103 106 107 109 123 137 155 161 174 175 179 -1
0 6 10 15 28 34 44 50 52 57 59 68 88 102 117 121 122 133 140 145 150 151 153 159 164 180 189 194 -1
1 2 23 34 39 43 52 58 60 64 66 104 108 109 114 115 119 121 128 138 139 140 163 171 186 195 -1
16 21 25 26 29 31 47 57 63 66 68 71 73 86 95 110 121 138 161 162 170 171 180 181 187 196 -1
7 18 25 32 38 39 40 54 56 60 66 69 74 78 79 83 95 104 107 114 134 139 152 154 170 190 193 196 197 -1
0 4 5 9 12 13 14 22 28 31 32 41 46 66 70 76 78 83 85 92 94 103 107 113 116 119 120 -1
1 2 5 10 20 21 24 31 32 35 51 52 63 72 91 100 106 107 114 120 121 124 135 142 176 188 192 -1
23 25 26 29 34 42 46 53 75 79 99 102 104 105 108 113 114 116 117 140 148 149 162 166 196 -1
3 16 25 26 35 40 48 52 54 74 82 84 86 87 96 105 111 133 141 156 158 159 160 168 183 185 198 -1
1 2 3 4 5 10 14 16 31 43 50 61 62 75 77 88 93 104 105 106 109 110 115 146 157 169 174 -1
5 9 10 23 24 39 50 64 74 83 87 95 112 113 114 133 139 142 146 149 151 158 159 161 163 165 170 172 183 194 -1
7 11 15 19 23 35 37 50 57 70 79 88 90 101 107 112 123 130 132 141 149 159 181 183 186 188 189 192 193 194 -1
17 18 23 33 49 63 69 75 81 84 91 94 107 109 113 126 135 140 146 155 157 158 165 166 168 170 173 182 183 190 -1
4 10 11 17 28 50 68 77 78 83 86 89 97 118 128 134 139 143 144 160 163 179 182 188 190 195 -1
0 3 5 9 11 24 28 38 39 46 49 62 65 68 72 77 89 91 92 95 102 105 147 149 152 154 155 181 187 199 -1
0 8 9 35 48 64 66 67 70 76 77 80 93 96 97 99 108 109 112 116 117 122 141 149 152 166 182 193 197 -1
9 21 23 24 25 47 48 60 70 72 73 74 75 82 83 86 95 98 107 108 112 116 124 125 143 145 168 191 -1
2 27 28 34 44 48 49 56 57 58 61 67 77 93 109 124 126 132 135 145 150 155 162 167 179 180 188 -1
1 4 7 11 15 18 24 27 29 38 42 49 50 66 69 82 84 87 90 95 100 105 109 115 118 123 124 129 134 -1
5 8 9 23 34 47 49 50 60 63 69 75 79 80 81 86 92 95 106 113 119 121 130 133 137 171 177 181 188 -1
0 12 15 19 31 42 50 54 63 64 72 75 80 81 83 86 98 103 104 105 118 128 132 156 157 159 162 178 -1
6 13 14 18 26 32 38 52 88 90 95 98 104 106 109 113 135 138 145 157 159 171 173 174 181 183 191 193 196 -1
1 6 9 20 35 45 48 49 53 55 78 80 82 113 116 135 154 160 163 165 167 168 176 177 188 190 192 199 -1
8 23 34 36 46 58 62 65 82 84 104 106 109 113 118 119 123 138 139 143 157 159 173 181 182 189 195 198 -1
18 25 30 35 36 37 38 49 54 68 74 87 101 107 117 131 132 134 158 166 168 176 183 184 185 187 196 198 -1
2 10 11 13 18 21 28 33 35 36 48 52 54 57 64 82 87 92 94 102 105 107 114 136 155 161 166 169 -1
6 8 21 25 31 34 40 51 54 56 67 71 93 94 96 103 107 109 114 115 121 129 158 197 -1
6 16 22 43 46 47 48 58 66 71 72 78 81 85 94 102 109 112 115 118 129 132 133 136 137 155 172 189 191 197 -1
7 16 18 24 32 35 41 57 58 73 74 79 85 91 104 108 118 123 139 157 162 175 178 179 185 191 196 197 -1
0 1 12 43 45 50 69 73 78 83 86 96 109 111 113 114 123 132 154 155 156 164 167 171 175 176 181 187 199 -1
8 9 10 12 20 31 32 35 40 46 52 55 65 67 75 89 98 99 101 102 107 113 126 136 137 170 191 -1
5 6 9 19 26 30 34 40 43 47 50 60 61 66 83 84 91 96 99 102 106 112 114 117 119 123 -1
1 9 17 25 36 49 54 65 66 77 83 91 95 99 100 103 116 126 136 144 151 159 161 162 174 179 183 184 188 -1
1 44 48 57 62 65 72 84 86 87 105 117 122 134 136 139 147 149 151 157 173 175 187 189 191 192 197 199 -1
10 13 31 37 43 51 52 57 59 62 67 69 77 87 94 107 108 110 130 142 151 159 172 173 177 181 -1
4 6 8 15 16 26 56 66 67 86 88 96 100 103 106 109 113 131 134 142 143 145 150 155 159 164 175 178 181 194 -1
0 6 16 20 28 40 42 44 79 83 96 99 111 113 116 130 132 134 146 148 159 160 168 171 175 177 181 191 193 194 -1
6 12 20 36 47 51 52 68 77 95 96 100 101 105 113 119 123 130 132 133 142 143 145 154 156 157 158 -1
2 13 17 22 23 38 44 55 70 113 116 130 135 144 158 165 172 173 174 175 176 179 180 182 183 187 189 197 198 -1
1 2 9 13 14 27 28 33 52 71 77 84 85 100 103 109 113 115 119 122 125 132 147 154 175 190 191 195 -1
12 15 17 30 31 32 46 57 59 73 78 80 87 92 94 101 115 117 119 125 129 139 142 150 154 177 180 192 195 -1
8 12 18 19 21 38 40 65 66 67 72 89 90 92 97 98 124 132 135 144 167 171 173 181 182 189 193 195 -1
1 2 14 15 19 21 24 31 33 39 41 49 72 74 78 84 91 95 99 106 121 123 151 157 169 173 191 198 -1
0 1 9 11 17 18 23 27 32 38 47 48 54 63 68 81 84 96 98 102 108 119 121 132 134 144 160 167 198 -1
3 4 29 36 39 40 55 61 62 67 71 81 82 87 94 102 105 107 109 129 134 137 146 147 189 193 197 -1
15 37 38 44 45 48 56 59 64 66 69 73 81 89 92 94 100 107 111 112 116 118 139 144 151 163 165 -1
7 8 16 24 39 42 44 71 81 84 95 96 108 112 114 119 130 134 138 144 146 158 172 182 184 192 195 198 -1
15 27 31 33 37 50 52 62 71 73 74 76 77 80 82 89 92 99 105 107 112 121 131 147 164 174 191 197 -1
2 3 23 42 44 52 56 63 72 83 86 89 93 125 126 132 134 152 171 174 175 176 177 184 194 195 197 198 199 -1
7 10 27 28 32 42 61 62 67 74 88 94 108 110 117 124 125 141 143 151 158 163 170 182 187 192 198 -1
0 5 10 16 17 19 27 68 73 79 108 117 132 149 156 160 168 177 178 179 181 182 183 185 188 190 191 198 -1
1 7 16 17 41 42 51 55 58 62 66 94 96 111 118 119 134 143 145 155 156 160 163 164 182 -1
2 12 30 83 96 122 131 143 154 160 169 170 175 176 177 179 183 184 187 189 190 191 192 194 199 -1
3 12 16 19 53 69 78 94 95 100 113 116 118 122 150 151 155 157 158 160 161 170 174 181 183 184 185 191 -1
5 16 19 21 29 39 44 45 47 48 54 61 65 76 89 91 97 102 106 107 114 128 144 146 151 160 170 174 -1
11 25 26 35 40 44 45 46 66 68 75 78 89 93 94 106 110 121 141 144 156 158 162 170 172 174 187 194 -1
8 12 29 39 44 56 60 65 66 71 73 75 80 84 85 106 116 142 150 157 172 179 182 189 190 191 196 -1
0 1 3 16 20 23 26 28 49 75 88 89 100 105 107 122 135 139 150 154 160 172 174 178 185 189 196 199 -1
12 15 35 36 37 40 44 51 60 65 66 71 85 88 107 111 121 123 125 139 160 162 -1
15 26 29 33 35 74 79 87 96 103 112 113 125 133 136 141 143 145 151 156 157 158 163 172 175 185 191 192 -1
2 12 15 16 23 31 34 38 42 48 51 71 81 92 108 116 121 134 135 137 145 160 163 168 171 172 173 178 184 -1
11 18 21 22 33 36 48 55 65 66 73 91 102 104 113 116 117 130 132 133 134 143 146 154 160 172 174 175 190 -1
1 10 11 13 26 30 34 36 39 51 62 68 74 100 102 116 146 154 168 170 174 175 182 185 192 193 199 -1
1 5 11 15 16 21 25 41 79 89 91 100 102 130 146 150 172 175 179 181 184 193 199 -1
0 3 10 11 14 19 27 29 45 53 60 66 75 76 83 85 88 90 91 96 98 101 105 113 114 117 124 133 -1
6 10 17 28 32 36 37 43 53 60 65 72 73 76 80 87 89 93 104 106 111 125 136 146 151 155 160 171 174 177 -1
8 18 21 23 25 43 55 57 69 72 75 81 97 98 100 102 105 117 128 133 135 139 141 144 154 172 -1
4 39 46 47 51 53 54 61 68 81 89 101 102 114 116 118 123 133 145 149 155 160 163 166 174 178 179 -1
9 18 19 20 21 27 41 51 55 74 77 78 81 88 93 100 110 116 126 134 135 144 161 172 174 178 183 -1
7 15 19 24 28 29 33 60 80 96 101 104 108 138 143 149 150 152 155 158 161 164 169 172 174 175 178 181 -1
15 18 19 22 29 30 32 38 48 58 73 77 84 97 116 128 133 144 155 162 168 171 174 181 184 -1
0 9 19 39 45 49 51 81 83 88 101 106 111 112 118 126 133 137 143 158 163 166 184 185 199 -1
3 5 26 34 35 37 38 39 41 43 49 53 68 72 81 97 98 100 102 108 123 132 133 157 158 170 174 177 -1
0 5 7 19 20 24 27 33 34 41 45 52 57 61 65 70 89 107 124 135 145 161 162 163 168 170 -1
5 18 19 20 38 39 53 57 59 63 69 70 78 85 87 93 96 97 109 119 125 126 129 143 146 150 178 179 -1
13 14 21 23 38 40 41 47 68 72 77 89 95 99 106 110 114 126 137 148 149 150 155 160 166 169 170 -1
2 6 14 22 31 36 39 55 56 67 74 75 76 78 79 84 92 98 102 105 130 145 146 160 164 165 168 170 171 172 -1
0 7 13 15 19 55 61 62 72 76 77 79 80 92 108 136 144 151 155 170 174 179 184 185 193 -1