40
2 6 10 12 13 21 23 25 26 27 28 30 32 33 34-1
3 5 7 8 11 17 18 22 25 29 30 34 36 37-1
0 4 6 7 11 13 17 18 19 20 25 28 30 35-1
1 5 7 24 26 33 34 35 38-1
2 7 13 18 21 27 29 32 33 35 37-1
1 3 6 10 14 16 17 21 22 26 27 29 38-1
0 2 5 7 9 10 17 19 24 25 29 32 34 37-1
1 2 3 4 6 11 23 25 27 29 31 33 38-1
1 9 18 22 23 24 26 31 32 35 39-1
6 8 10 11 14 19 20 22 23 29 37-1
0 5 6 9 13 20 26 28 29 31 36-1
1 2 7 9 12 14 15 19 23 26 27 29 33 35 36-1
0 11 14 19 23 24 25 26 31 34 37 38 39-1
0 2 4 10 15 16 18 22 27 28 32 37 38-1
5 9 11 12 15 17 23 26 27 29 32 34 38 39-1
11 13 14 19 26 28 31 32 36 37 38 39-1
5 13 17 18 23 24 25 26 30 32 33 34 37 38-1
1 2 5 6 14 16 21 28 32 33 34 36 37 38-1
1 2 4 8 13 16 19 21 25 32 34 36-1
2 6 9 11 12 15 18 22 24 31 37 38-1
2 9 10 22 27 28 31 32 34 36 37 38-1
0 4 5 17 18 24 27 30 31 34 37 38-1
1 5 8 9 13 19 20 24 28 31 39-1
0 7 8 9 11 12 14 16 28 30 31 33 39-1
3 6 8 12 16 19 21 22 28 29 30 34 36-1
0 1 2 6 7 12 16 18 27 28 30 31 37 39-1
0 3 5 8 10 11 12 14 15 16-1
0 4 5 7 11 13 14 20 21 25 28 35 39-1
0 2 10 13 15 17 20 22 23 24 25 27 39-1
1 4 5 6 7 9 10 11 14 24 31 33 35-1
0 1 2 16 21 23 24 25 31 33 34 35 36 39-1
7 8 10 12 15 19 20 21 22 23 25 29 30-1
0 4 6 8 13 14 15 16 17 18 20-1
0 3 4 7 11 16 17 23 29 30 35 36-1
0 1 3 6 12 14 16 17 18 20 21 24 30-1
2 3 4 8 11 27 29 30 33 36 39-1
1 10 11 15 17 18 20 24 30 33 35 39-1
1 4 6 9 12 13 15 16 17 19 20 21 25-1
3 5 7 12 13 14 15 16 17 19 20 21-1
8 12 14 15 22 23 25 27 28 30 35 36-1
