200
3 7 22 31 39 40 54 59 76 180-1
15 59 90 97 106 112 181 186 195 197-1
17 25 30 62 101 127 133 155 193 197-1
0 5 7 10 15 48 74 127 148 179-1
11 18 24 32 54 70 97 135 139 195-1
3 8 19 24 33 34 52 79 86 128-1
17 34 35 116 122 124 157 163 177 199-1
0 3 49 85 89 111 125 137 167 192-1
5 60 82 96 122 125 172 177 182-1
35 41 74 98 105 110 136 162 188 199-1
3 87 94 95 100 119 132 133 151 156-1
4 48 61 85 93 111 166 181 182 195-1
42 58 67 76 78 94 105 170 198-1
23 33 83 98 137 144 160 194 196-1
43 71 73 80 129 134 162 178 197-1
1 3 71 74 87 125 135 155 166 172-1
21 55 61 99 149 163 181 190 194-1
2 6 32 52 61 141 149 180-1
4 59 108 135 149 162 169 176 181 187-1
5 20 54 68 114 115 116 133 155 191-1
19 38 45 74 78 93 132 133 154 199-1
16 41 72 117 139 148 158 182 183-1
0 36 68 76 86 94 111 179 184 187-1
13 43 48 55 67 131 146 174 181-1
4 5 70 140 146 151 152 168 179 192-1
2 56 60 70 92 127 129 138 153 182-1
27 39 48 59 61 142 165 168 169 182-1
26 34 45 52 73 80 82 85 137 142-1
74 81 84 130 139 142 144 169 185 194-1
30 72 77 100 101 106 132 155 184 189-1
2 29 56 73 74 117 128 159 187 189-1
0 42 63 80 83 156 171 177 187 189-1
4 17 51 102 117 121 142 175 181 189-1
5 13 36 57 61 112 153 164 174 178-1
5 6 27 63 67 75 96 112 123 143-1
6 9 86 90 139 148 153 181 193-1
22 33 56 63 70 89 137 145 152 190-1
52 58 62 63 96 111 118 136 159 163-1
20 62 87 163 170 171 186 187 192 199-1
0 26 48 66 100 122 125 126 139 163-1
0 42 45 66 69 91 95 100 118 182-1
9 21 68 114 130 152 157 161 168-1
12 31 40 54 64 68 86 145 147-1
14 23 76 118 159 161 163 174 187-1
47 60 62 83 120 131 143 168 190 198-1
20 27 40 87 107 128 137 139 163 179-1
68 75 85 90 91 104 142 162 182-1
44 63 69 110 119 135 139 150 152 173-1
3 11 23 26 39 54 80 182 189-1
7 51 77 113 115 141 145 172 188-1
51 61 64 107 129 138 158 177 181 190-1
32 49 50 64 75 102 137 153 168 188-1
5 17 27 37 101 111 144 163 183-1
77 92 97 128 149 169 172 177 190-1
0 4 19 42 48 59 79 87 117 147-1
16 23 63 82 123 137 144 160 168-1
25 30 36 92 94 133 138 175 190-1
33 60 63 75 114 132 156 173 175 177-1
12 37 59 80 105 137 153 183-1
0 1 18 26 54 58 104 157 174 195-1
8 25 44 57 62 76 101 108 111 154-1
11 16 17 26 33 50 90 96 165 180-1
2 37 38 44 60 93 94 111 153 169-1
31 34 36 37 47 55 57 66 81-1
42 50 51 65 121 122 141 168 193-1
64 68 93 105 115 149 166 170 195 199-1
39 40 63 79 83 90 115 123 151 186-1
12 23 34 85 110 117 127 137 155 177-1
19 22 41 42 46 65 71 88 125-1
40 47 77 97 122 141 142 164 176 191-1
4 24 25 36 72 123 149 153 177 187-1
14 15 68 94 116 156 161 171 177 189-1
21 29 70 83 100 113 115 123 131 142-1
14 27 30 115 119 158 171 178 193 199-1
3 9 15 20 28 30 79 151 153 198-1
34 46 51 57 80 96 128 136 146 160-1
0 12 22 43 60 96 110 114 134 147-1
29 49 53 69 109 110 121 155 159 186-1
12 20 90 123 134 137 155 156 184 192-1
5 54 66 74 86 98 130 142 195-1
14 27 31 48 58 75 93 136 171 176-1
28 63 91 118 121 135 140 154 180 197-1
8 27 55 104 161 166 173 181 192 197-1
13 31 44 66 72 89 93 95 148 167-1
28 85 92 99 100 109 134 136 150 183-1
7 11 27 46 67 84 110 138 158 177-1
5 22 35 42 79 97 100 106 112 130-1
10 15 38 45 54 123 136 158 169 191-1
68 101 112 125 142 164 168 181 183 195-1
7 36 83 94 115 117 138 145 153 174-1
1 35 46 61 66 78 123 126 140 147-1
40 46 81 111 124 147 154 158 160 165-1
25 53 56 84 93 94 146 159 162 176-1
11 20 62 65 80 83 92 155 184 193-1
10 12 22 56 62 71 89 92 110 161-1
10 40 83 102 140 157 167 170 178 196-1
8 34 37 61 75 76 136 176 198-1
1 4 53 69 86 105 119 158 161 165-1
9 13 79 103 106 114 123 125 168 170-1
16 84 107 127 133 143 145 183 185-1
10 29 39 40 72 84 86 106 189 199-1
2 29 52 60 88 118 143 155 178-1
32 51 95 151 153 161 183 185 192 194-1
98 105 108 126 155 156 158 195-1
46 59 82 112 120 157 175 197 199-1
9 12 58 65 97 103 185 193-1
1 29 86 98 100 142 144 170 189 197-1
45 50 99 117 123 126 128 138 166 173-1
18 60 103 133 136 138 156 178 191 192-1
77 84 122 144 152 156 173 184 191-1
9 47 67 76 77 85 94 164 169 170-1
7 11 22 37 52 60 62 91 157 178-1
1 33 34 86 88 104 119 143 156 194-1
49 72 135 150 159 164 166 170 171 186-1
19 41 57 76 98 141 168 189 191-1
19 49 65 66 72 73 89 159 196-1
6 19 71 129 130 144 163 164 174-1
21 30 32 54 67 89 107 122 138 178-1
37 40 43 81 101 128 146 165 174-1
10 47 73 97 112 136 158 161 188-1
44 104 134 145 162 166 171 184 193 199-1
32 64 77 81 126 139 144 147 158 174-1
6 8 39 64 69 109 117 125 140-1
34 55 66 70 72 78 87 90 98 107-1
6 91 126 152 163 166 169 175 183 185-1
7 8 15 39 68 88 98 122 128 175-1
39 90 103 107 121 124 148 182 183 190-1
2 3 25 67 99 144 147 151 189-1
5 30 45 53 75 107 118 125 182-1
14 25 50 116 139 154 178 186 199-1
28 41 79 86 116 132 187 190 198-1
23 44 72 132 148 150 154 175 176-1
10 20 29 57 130 131 140 174 180-1
2 10 19 20 56 99 108 147 164 186-1
14 76 78 84 120 141 165 179 183 195-1
4 15 18 47 81 113 172 186 187-1
9 37 75 80 84 87 96 108 119 151-1
7 13 27 36 45 51 55 58 67 78-1
25 50 56 85 89 107 108 117 161 185-1
4 21 28 35 39 45 47 121 129 166-1
24 81 90 95 122 132 150 169 186-1
17 49 64 69 114 134 164 171 192-1
26 27 28 32 46 69 72 79 88 106-1
34 44 99 101 112 149 160 170 185 195-1
13 28 52 55 106 109 116 121 127-1
36 42 49 89 99 120 179 184 192 197-1
23 24 75 92 118 167 173 174 192 196-1
42 54 76 90 91 121 127 133 166-1
3 21 35 83 126 131 151 180 198-1
16 17 18 53 65 70 143 164 171 176-1
47 84 113 131 140 154 165 167 179-1
10 24 66 74 102 127 136 148 180 194-1
24 36 41 47 109 124 160 162 165 187-1
25 33 35 51 58 62 70 74 89 102-1
20 60 81 91 129 131 150 169 179 188-1
2 15 19 29 67 77 78 93 101 103-1
10 31 57 71 78 103 108 109 112-1
6 41 59 95 104 111 159 162 191 193-1
21 50 73 85 87 91 97 103 119 121-1
30 37 43 77 92 113 115 157 160 198-1
13 55 75 91 143 152 159 179 180 188-1
41 43 71 82 94 97 102 119 138-1
9 14 18 46 92 120 152 157 172 196-1
6 16 37 38 39 43 45 52 116 124-1
33 69 88 110 113 116 133 141 149-1
26 61 91 97 118 134 150 152 170 185-1
11 15 65 82 107 113 120 124 139 147-1
7 83 95 146 150 175 176 185 198-1
24 26 41 44 51 55 64 88 98 114-1
18 26 28 53 62 87 110 124 140 154-1
12 38 65 95 98 106 110 113 143 165-1
31 38 71 73 80 113 120 141 149 191-1
8 15 49 53 135 162 173 178-1
47 57 82 107 109 146 172 194 196 198-1
23 33 43 59 89 116 118 121 132 146-1
32 56 57 104 124 125 131 167 198-1
18 69 80 92 96 131 149 167-1
6 8 31 50 53 57 67 70 71 85-1
14 33 73 95 101 108 111 117 129 172-1
3 22 24 45 134 145 150 154 160-1
0 17 61 81 132 148 151 160 193 194-1
1 11 16 18 23 32 35 50 82 88-1
8 11 21 25 26 40 46 48 126 128-1
21 52 58 84 88 99 102 124 126 134-1
22 29 78 93 109 120 145 188 191 194-1
28 99 102 105 124 138 143 165 167-1
1 38 66 77 113 129 133 135 140-1
18 22 30 31 38 43 70 130 135 152-1
9 49 51 119 154 160 184 190 193 194-1
29 30 31 32 48 71 100 106 114 127-1
16 36 44 50 53 56 126 130 188-1
19 69 87 108 109 114 157 171 184-1
7 24 38 78 82 102 108 141 145 146-1
2 35 64 73 93 105 120 157 180 188-1
13 16 28 102 112 151 173 180 184 188-1
1 4 11 59 65 79 88 103 134 143-1
13 95 115 146 162 173 197-1
1 2 14 81 82 104 106 145 196-1
12 44 74 96 130 148 159 167 173 175-1
6 9 20 38 65 73 100 104 120 129-1
