40
2 5 6 10 11 13 17 19 22 25 30 33 39 -1
6 8 9 10 12 14 21 23 24 27 29 37 38 -1
0 7 11 14 15 17 18 23 26 29 32 36 37 -1
6 10 11 12 13 14 16 17 20 26 29 34 36 37 -1
5 8 11 12 14 16 20 22 30 35 -1
0 4 6 11 13 16 20 25 31 32 33 34 35 38 39 -1
0 1 3 5 8 14 17 20 23 26 28 32 35 37 -1
2 8 11 12 15 17 19 21 25 29 31 32 35 -1
1 4 6 7 9 12 20 27 28 29 32 35 -1
1 8 10 11 13 16 25 34 35 39 -1
0 1 3 9 14 15 23 26 29 32 34 -1
0 2 3 4 5 7 9 13 21 22 30 35 37 -1
1 3 4 7 8 17 19 27 28 31 33 39 -1
0 3 5 9 11 14 19 22 26 28 34 36 38 -1
1 2 3 4 6 10 13 20 28 30 35 37 39 -1
2 7 10 16 17 19 28 30 32 33 34 36 39 -1
3 4 5 9 15 17 18 19 24 26 29 -1
0 2 3 6 7 12 15 16 21 22 27 28 32 34 -1
2 16 20 21 22 25 31 32 34 35 39 -1
0 7 12 13 15 16 22 23 27 28 30 35 -1
3 4 5 6 8 14 18 22 23 24 30 31 33 -1
1 7 11 17 18 23 33 37 38 39 -1
0 4 11 13 17 18 19 20 31 37 -1
1 2 6 10 19 20 21 25 30 37 38 39 -1
1 16 20 27 28 29 32 33 34 36 37 39 -1
0 5 7 9 18 23 26 27 29 30 31 35 37 38 -1
2 3 6 10 13 16 25 27 31 32 33 34 -1
1 8 12 17 19 24 25 26 29 32 33 34 36 -1
6 8 12 13 14 15 17 19 24 29 30 32 34 -1
1 2 3 7 8 10 16 24 25 27 28 -1
0 4 11 14 15 19 20 23 25 28 32 35 37 38 -1
5 7 12 18 20 22 25 26 33 37 38 39 -1
2 5 6 7 8 10 15 17 18 24 26 27 28 30 34 -1
0 5 12 15 20 21 24 26 27 31 38 -1
3 5 9 10 13 15 17 18 24 26 27 28 32 -1
4 5 6 7 8 9 11 14 18 19 25 30 36 -1
2 3 13 15 24 27 35 38 -1
1 2 3 6 11 14 21 22 23 24 25 30 31 -1
1 5 13 21 23 25 30 31 33 36 -1
0 5 9 12 14 15 18 21 23 24 31 -1