200
1 4 5 7 8 12 18 19 21 42 45 54 55 59 69 71 72 75 76 84 98 110 113 115 126 129 132 134 135 140 152 154 158 171 179 180 182 188 190 194-1
0 11 13 21 24 35 37 38 47 48 55 57 59 61 63 70 83 89 91 94 96 97 99 104 111 112 113 114 115 119 125 127 128 130 137 138 142 154 174 177 179 183 188 194-1
10 12 21 22 24 31 44 47 48 49 55 60 62 71 73 80 82 86 90 91 99 102 104 105 106 107 115 120 146 150 155 160 169 173 180 181 183 184 189 192 195 196 199-1
5 6 7 8 9 13 16 17 31 32 35 39 41 44 46 51 60 62 69 72 74 75 84 88 93 106 111 112 114 124 145 152 171 174 184 185 189 193 195-1
0 7 11 16 18 21 22 23 28 33 38 40 41 48 58 59 60 63 65 75 79 87 90 91 92 96 101 103 109 112 114 115 117 119 120 127 135 139 151 152 155 167 170 173 179 191 194-1
0 3 6 11 16 24 29 43 44 49 54 56 60 65 68 69 71 74 83 89 94 95 101 108 110 120 123 125 139 143 144 161 162 164 166 170 171 183 185 187 192 194 195 199-1
3 5 9 10 12 16 24 31 32 34 36 43 45 46 52 67 69 76 78 82 85 86 93 101 102 108 111 112 115 122 127 129 130 141 145 152 156 157 160 169 170 179 183 189 190 192 196-1
0 3 4 8 9 11 21 25 27 34 45 57 74 75 81 83 93 95 98 99 102 105 107 109 111 116 129 132 137 139 140 141 143 145 148 151 154 156 157 171 180 187 192-1
0 3 7 9 18 24 38 41 42 49 62 64 68 80 82 93 102 103 105 107 111 113 120 122 127 128 129 130 134 135 137 138 140 142 143 152 154 161 167 171 179 181 190 193 195-1
3 6 7 8 11 13 16 20 26 30 50 55 56 59 69 72 74 76 84 86 89 90 91 96 103 113 121 128 131 143 156 157 163 170 182 186 187 189 191 192 196 197-1
2 6 13 14 23 26 27 33 36 37 39 42 57 75 77 80 81 84 87 90 100 104 105 108 113 116 118 119 120 138 143 145 146 152 156 158 159 175 176 177 180 182 190-1
1 4 5 7 9 16 21 23 28 34 42 44 49 51 55 61 62 64 65 77 84 88 90 93 98 100 109 114 115 117 127 128 134 137 150 154 157 158 163 164 167 171 180 181 187 189 193-1
0 2 6 13 19 22 24 30 32 47 48 52 53 55 75 76 77 86 95 97 109 112 113 116 118 120 121 122 123 124 130 134 138 142 146 158 160 170 173 178 179 183 188 196-1
1 3 9 10 12 18 19 25 28 30 39 41 45 52 58 66 69 70 76 77 79 85 91 97 108 113 114 120 124 131 133 135 137 146 159 164 172 180 194 199-1
10 15 22 23 26 32 37 38 43 46 52 54 59 62 64 81 84 86 91 94 100 101 103 104 111 118 123 125 126 128 130 133 138 141 145 162 167 174 178 179 183 190 191 192 195-1
14 23 27 28 29 38 40 50 51 58 67 72 81 85 88 90 94 118 120 124 126 127 130 131 133 136 137 141 143 145 147 150 156 158 159 161 162 163 165 166 167 168 173 175 194 199-1
3 4 5 6 9 11 25 32 34 38 43 45 60 61 62 68 69 72 73 78 83 89 92 93 96 104 105 106 107 116 125 138 144 145 146 153 157 161 165 172 173 175 190 191 193 196-1
3 21 26 32 33 34 40 42 48 49 55 58 59 74 80 81 89 92 100 111 114 119 120 122 132 136 137 141 146 147 148 152 157 162 163 167 169 171 177 178 182 187 188 192 193-1
0 4 8 13 35 40 44 50 54 57 58 61 66 70 71 72 75 81 82 87 88 95 102 103 111 114 116 117 118 119 122 126 129 131 133 135 136 146 150 156 168 169 170 178-1
0 12 13 20 21 22 31 33 40 42 44 52 54 55 59 63 75 78 82 83 93 96 98 100 105 108 122 132 137 141 146 149 154 160 162 166 169 175 176 177 178 179 189 191 193-1
9 19 22 31 36 40 43 44 50 53 54 71 73 76 82 83 84 86 90 94 95 97 98 100 102 107 111 115 116 129 130 133 139 140 143 146 147 149 159 161 165 177 180 182 189-1
0 1 2 4 7 11 17 19 22 24 28 31 33 36 39 42 43 47 52 62 86 88 91 97 98 100 102 103 118 120 126 130 131 137 140 145 147 150 156 157 159 165 177 178 179 182 183 194-1
2 4 12 14 19 20 21 33 34 35 44 45 54 55 61 65 74 79 80 81 84 86 91 106 109 110 124 128 139 140 142 150 153 162 163 174 177 183 184 185 187 188 190 193 195 198-1
4 10 11 14 15 31 37 40 47 49 50 66 68 80 85 88 90 92 94 97 100 101 103 105 107 110 111 117 118 119 124 138 140 143 146 149 151 159 182 184 185 189 191 196 197-1
1 2 5 6 8 12 21 25 28 30 35 47 51 54 56 61 66 69 70 76 84 91 92 102 104 113 120 121 128 136 137 139 144 145 156 162 175 180 184 190 191 194 195 199-1
7 13 16 24 34 38 43 44 51 54 55 59 64 70 73 86 87 97 100 109 110 115 116 118 119 121 122 127 128 129 134 135 136 147 148 154 159 160 162 166 170 181 187 189 190 194-1
9 10 14 17 30 32 48 51 54 55 65 66 68 72 73 83 84 88 89 91 97 99 100 114 118 119 128 133 138 142 143 151 157 158 171 183 184 187 188 189 190 191 194 198-1
7 10 15 29 30 31 50 54 55 59 65 66 69 73 75 81 84 85 86 89 91 92 95 96 106 108 109 122 125 127 137 140 145 146 159 164 170 175 177 181 185 190 195 198-1
4 11 13 15 21 24 38 49 50 65 70 71 89 91 93 94 103 106 113 114 115 119 121 122 125 133 134 135 138 139 140 150 163 168 169 172 173 180 185 186 187 190 198-1
5 15 27 33 36 37 40 43 44 52 54 56 57 60 73 74 76 91 94 95 104 105 108 111 117 124 126 127 128 137 143 146 148 150 152 153 162 163 180 181 182 183 186-1
9 12 13 24 26 27 34 36 38 47 55 58 64 68 71 73 78 97 102 106 111 113 118 120 123 138 140 145 146 151 157 165 166 167 168 173 174 176 181 185 190 192 193 196-1
2 3 6 19 20 21 23 27 34 47 52 53 54 64 69 73 77 83 85 87 88 89 90 91 94 99 103 107 112 117 120 123 127 138 140 141 143 145 151 153 156 159 166 169 173 190 192 193 196-1
3 6 12 14 16 17 26 33 37 40 41 50 54 59 70 71 75 81 83 85 86 88 93 105 107 110 111 114 138 144 152 153 154 165 172 176 182 188 192 194 195 196 197-1
4 10 17 19 21 22 29 32 36 41 54 57 64 71 74 75 76 83 85 87 102 117 131 146 147 151 153 156 159 165 170 171 176 180 181 183 184 195 197-1
6 7 11 16 17 22 25 30 31 35 38 39 41 50 61 67 70 76 80 84 85 86 92 95 96 97 103 107 112 113 116 118 124 128 141 150 151 160 161 163 167 171 174 179 180 181-1
1 3 18 22 24 34 37 40 43 44 46 47 51 52 55 56 65 67 76 77 80 83 85 86 107 110 115 119 120 130 131 146 150 154 155 163 174 178 189 192 194 198 199-1
6 10 20 21 29 30 33 41 42 52 54 55 60 61 84 88 95 96 98 99 106 110 112 113 116 118 119 120 124 126 128 134 143 144 150 155 158 166 168 169 171 176 181 191 193-1
1 10 14 23 29 32 35 45 51 52 53 54 60 61 73 81 87 88 93 96 101 105 106 109 118 120 124 133 135 137 138 147 150 156 164 174 177 181 187 191 196 199-1
1 4 8 14 15 16 25 28 30 34 43 44 45 47 48 50 54 55 76 81 82 84 93 101 102 114 116 122 124 125 136 142 145 146 150 161 167 169 173 179 186 193 194-1
3 10 13 21 34 41 48 50 57 61 63 65 74 78 89 92 97 98 103 107 108 112 113 116 117 118 119 128 130 132 134 139 143 144 152 156 157 162 166 173 176 177 183 186 187-1
4 15 17 18 19 20 23 29 32 35 45 47 48 51 52 54 67 77 78 79 83 94 95 99 106 121 125 128 129 130 134 143 145 146 162 163 181 183 186 193 196 198-1
3 4 8 13 32 33 34 36 39 50 53 57 59 63 67 70 76 88 89 90 93 99 114 122 124 127 128 129 142 149 150 154 160 162 164 175 177 179 183 187 189 190-1
0 8 10 11 17 19 21 36 43 44 55 58 69 74 77 82 105 107 116 119 120 121 125 131 135 138 140 143 146 149 152 157 160 161 168 178 183 189 190-1
5 6 14 16 20 21 25 29 35 38 42 46 50 56 62 64 68 72 73 75 77 80 84 85 88 89 91 94 114 118 120 124 128 137 138 139 146 147 148 149 153 156 157 174 194 195 196-1
2 3 5 11 18 19 20 22 25 29 35 38 42 45 47 51 62 64 70 74 75 81 87 89 94 104 126 127 131 134 148 150 151 156 157 162 163 169 170 176 181 187 191-1
0 6 7 13 16 22 37 38 40 44 47 52 54 56 57 61 67 68 72 76 79 86 88 89 90 98 99 101 103 107 108 109 114 119 139 143 144 159 160 170 171 172 175 181 183 196 198-1
3 6 14 35 43 49 50 52 53 57 63 66 70 81 82 91 109 114 115 119 123 127 142 146 153 155 156 157 158 160 161 163 171 174 177 178 180 183 189 191 193-1
1 2 12 21 23 24 30 31 35 38 40 44 45 48 49 51 57 63 69 73 76 81 88 89 97 100 112 116 117 119 126 128 131 139 146 152 153 157 159 161 165 166 183 192 195 198 199-1
1 2 4 12 17 26 38 39 40 47 56 58 61 63 67 77 78 97 116 117 120 123 124 126 135 136 144 155 156 157 158 162 175 180 185 186 187 192 193 195-1
2 5 8 11 17 23 28 46 47 50 59 64 67 68 75 77 85 86 88 93 94 106 109 111 118 119 125 127 129 131 134 137 147 155 156 161 164 166 167 172 178 188 198-1
9 15 18 20 23 27 28 32 34 38 39 41 43 46 49 52 54 60 65 70 73 80 81 83 85 97 108 110 115 122 125 127 134 138 142 145 148 149 158 162 166 175 178 184 187 190-1
3 11 15 24 25 26 35 37 40 44 47 57 64 67 69 78 79 80 81 87 91 93 101 102 106 112 118 122 136 148 150 154 156 158 170 171 173 179 185 189 190 197-1
6 12 13 14 19 21 29 31 35 36 37 40 45 46 50 69 71 83 86 87 90 94 96 108 111 114 115 118 121 126 129 130 138 145 156 177 178 180 182 184 197 198-1
12 20 31 37 41 46 58 60 64 68 74 76 78 80 93 97 103 106 110 111 117 119 123 125 126 128 130 131 139 140 142 144 148 157 165 168 175 176 179 190 192 193 199-1
0 5 14 18 19 20 22 24 25 26 27 29 31 32 33 36 37 38 40 45 50 61 62 67 68 69 71 81 85 102 105 112 113 114 118 138 142 147 153 163 179 180 188-1
0 1 2 9 11 12 17 19 22 25 26 27 30 35 36 38 42 57 59 64 66 81 92 97 101 103 107 126 129 135 139 144 146 147 151 154 158 161 162 163 167 169 196-1
5 9 24 29 35 43 45 48 60 61 67 70 74 75 82 83 89 94 96 104 105 110 112 115 116 117 127 136 144 146 158 160 161 163 165 167 170 176 178 193 194 195-1
1 7 10 18 29 33 39 41 45 46 47 51 55 62 64 66 67 69 77 79 81 87 99 100 111 122 124 131 137 138 142 143 145 146 154 156 158 159 160 164 168 172 184 185 194-1
4 13 15 17 18 30 42 48 53 62 63 69 74 76 80 87 90 91 92 94 96 104 107 110 111 113 119 122 127 128 130 133 135 145 155 157 158 163 169 170 174 179 180 188 194-1
0 1 4 9 14 17 19 25 27 32 41 49 55 61 68 70 79 86 91 98 99 102 108 111 112 114 115 126 127 130 136 139 143 146 151 154 167 173 176 179 195 197 199-1
2 3 4 5 16 29 36 37 50 53 56 65 67 72 78 82 87 91 94 101 104 108 112 113 115 117 128 130 131 132 135 137 138 144 151 160 161 164 169 176 178 187 190 195-1
1 11 16 18 22 24 34 36 37 39 45 48 54 56 59 80 82 85 87 88 102 104 106 110 112 113 117 123 132 134 145 147 151 153 160 173 174 180 182 185 191 192 195 197 198-1
2 3 8 11 14 16 21 43 44 54 57 58 63 66 69 77 93 97 99 103 104 105 109 117 126 127 128 130 139 142 143 144 148 149 150 155 167 174 176 180 183 186 190 191 197 199-1
1 4 19 39 41 46 47 48 58 62 64 66 69 74 75 78 87 98 100 101 106 107 108 109 112 117 118 119 122 126 130 138 139 140 142 146 148 149 160 166 174 175 178 180 182 191-1
8 11 14 25 30 31 33 43 44 49 51 53 55 57 63 80 83 85 90 91 95 99 101 106 108 111 119 120 121 122 128 129 130 132 134 140 151 155 157 161 162 169 173 180 192 194-1
4 5 11 22 26 27 28 35 39 50 60 68 77 82 83 85 88 91 94 95 100 103 106 116 117 118 123 126 129 130 131 134 138 140 145 146 155 165 170 174 178 182 185 192 194 198-1
13 18 23 24 26 27 46 55 57 62 63 67 75 77 78 84 87 93 100 102 104 106 109 111 113 115 116 120 121 132 137 140 141 142 143 146 151 153 157 167 168 181 189 190-1
6 15 34 35 40 41 45 48 49 51 54 56 57 60 66 70 73 78 81 82 83 88 90 92 103 107 113 129 131 134 137 144 145 148 162 166 168 171 177 179 185 187 188 190 191-1
5 8 16 23 26 30 43 45 49 53 54 59 65 69 71 74 99 100 106 107 109 114 116 119 121 124 129 135 137 139 140 151 155 158 168 170 172 175 177 180 181 183 186 189 199-1
0 3 5 6 9 13 16 24 27 31 42 47 51 52 54 57 58 62 63 68 83 96 97 101 115 122 135 136 147 154 161 167 170 178 179 183 192 194 196 197-1
1 13 18 24 25 28 32 34 41 44 46 50 56 59 67 75 77 80 82 83 86 90 101 107 112 117 122 129 132 140 142 143 145 146 147 150 151 169 170 172 175 177 180 185 195-1
0 2 5 18 20 28 30 32 33 52 54 68 73 77 80 81 85 87 88 91 92 94 95 104 109 115 118 122 125 142 146 148 150 152 160 162 165 170 175 177 179 181 184 185 189 190 191 196 198-1
0 3 9 15 16 18 26 43 45 60 74 79 89 91 98 100 109 111 113 118 124 126 127 128 133 138 141 143 144 150 156 165 167 169 178 180 182 193-1
2 16 20 25 26 27 29 30 31 37 43 47 50 67 71 78 86 98 102 104 105 111 120 121 124 127 141 144 152 154 156 160 164 167 168 173 180 183 184 185 186 198 199-1
3 5 7 9 17 22 29 33 39 42 44 53 56 58 63 68 72 76 81 82 85 86 89 90 97 102 106 111 116 122 124 126 132 137 140 147 152 160 161 162 168 174 185 188 191 192-1
0 3 4 7 10 12 18 19 27 32 33 43 44 49 56 63 66 70 76 93 106 110 111 112 125 128 134 135 136 140 150 157 158 163 170 172 186 188 189 191 193 196-1
0 6 9 12 13 20 24 29 33 34 35 38 41 45 47 53 58 74 75 80 81 82 88 92 95 113 114 117 120 133 138 139 142 151 159 160 163 180 185 186-1
10 11 12 13 31 35 40 42 43 48 49 57 62 65 66 70 71 79 85 92 101 104 107 111 114 119 121 124 127 128 142 145 148 154 157 161 163 167 170 178 186 191 195-1
6 16 19 30 39 40 48 51 53 60 63 66 67 73 80 83 84 87 88 90 91 107 108 110 115 118 120 124 128 129 130 142 158 160 161 162 165 170 176 182 189 190 194 197 198-1
4 13 22 40 45 51 57 59 72 77 84 85 92 96 110 111 114 116 121 125 130 131 137 139 141 145 147 149 152 159 161 162 166 170 172 173 174 179 180 181 182 190 197-1
2 8 10 17 22 23 34 35 43 50 51 53 58 61 64 70 71 76 78 86 94 108 112 117 120 122 134 143 147 149 150 151 156 158 160 163 166 168 181 185 186 192 193-1
7 10 14 15 17 18 22 27 32 37 38 44 46 47 50 51 54 55 57 67 71 74 76 93 99 100 103 105 107 116 120 129 136 139 146 158 159 165 175 176 179 185 192-1
2 6 8 18 19 20 38 42 46 56 60 61 65 67 70 74 76 83 85 87 92 93 107 109 110 113 116 117 121 122 128 131 134 141 143 148 162 174 175 184 190 194-1
1 5 7 16 19 20 26 31 32 33 35 40 50 52 56 64 65 67 69 70 78 82 89 91 93 95 102 103 104 109 117 122 127 129 153 155 156 173 186 187 188 190 194 199-1
0 3 9 10 11 14 20 22 24 26 27 34 36 38 43 66 78 79 89 90 91 94 96 103 109 111 113 118 124 126 129 130 136 140 150 161 163 166 175 176 179 186 187 189 196 198-1
6 13 15 23 27 31 32 33 34 35 43 49 50 54 61 64 65 71 74 77 79 82 95 100 106 110 113 115 121 123 125 126 127 132 134 141 165 166 179 181 185 186 190 194 195 196 199-1
2 6 9 12 14 20 21 22 25 27 32 34 35 45 49 52 59 70 73 74 80 92 94 103 106 108 109 111 121 124 130 136 140 143 150 152 153 160 161 167 168 173 180 187 194-1
4 10 18 25 31 33 37 44 51 52 57 58 60 61 63 66 71 78 82 88 94 104 109 111 112 116 117 119 120 121 122 129 132 149 152 154 157 159 164 180 182 187 195 199-1
3 11 15 18 21 23 26 31 32 36 37 41 43 45 47 49 61 65 67 71 76 78 87 94 103 108 118 119 132 137 139 149 150 152 157 163 172 173 185 188 192 193 194 197-1
1 5 9 16 17 26 27 28 31 39 41 43 44 45 47 56 72 74 83 84 94 97 100 103 104 124 125 127 129 130 144 145 147 161 170 171 173 175 179 183 188 189 191-1
2 4 9 10 11 15 20 23 31 41 45 52 58 64 67 70 74 78 84 94 96 98 100 103 108 114 116 118 120 121 122 123 125 129 153 154 158 163 164 165 171 181 185 193 194 199-1
1 2 4 9 13 14 21 22 24 26 27 28 29 31 43 46 51 58 59 60 64 65 71 72 78 83 84 92 105 122 124 127 132 136 138 144 150 155 158 174 175 176 178 192 194-1
4 16 17 23 24 27 34 39 55 58 67 71 76 77 79 82 86 91 94 95 100 106 117 121 124 129 130 131 139 142 145 152 156 160 170 171 172 178 179 182 192 194-1
3 6 7 8 11 16 19 28 32 37 38 41 49 51 53 62 66 75 81 82 83 104 105 107 120 130 131 135 140 142 143 145 150 151 152 159 162 163 166 171 175 184 185 193 195 196-1
1 5 14 15 20 23 28 29 31 40 43 44 49 52 56 58 60 65 71 80 84 86 87 88 89 90 92 101 105 110 128 135 139 144 147 149 150 153 156 160 162 163 167 175 181 186 199-1
5 7 12 18 20 27 29 34 36 40 64 65 71 76 83 85 92 97 99 101 102 103 104 107 108 111 122 123 132 141 144 146 153 155 164 167 172 174 177 178 180 182 183 193-1
1 4 9 16 19 27 34 36 37 52 56 58 69 79 84 90 102 103 108 110 111 114 123 129 132 134 139 141 143 146 148 153 162 164 166 168 169 183 186 189 191 195-1
1 12 13 20 21 23 25 26 30 34 39 47 48 50 53 55 62 69 74 89 95 98 99 104 112 117 118 123 129 130 134 135 144 145 155 168 172 175 176 179 184 186 192 193 195-1
0 7 11 19 20 21 36 39 45 59 63 72 73 90 97 101 102 116 119 120 126 133 137 143 145 146 151 153 155 158 162 164 166 168 173 179 183 184 191 193 194 198-1
1 2 7 26 31 36 40 41 45 57 59 62 64 68 81 95 97 101 110 111 113 115 116 119 120 125 133 137 146 148 153 154 166 173 178 182 184 185 186 190 196 198-1
10 11 14 17 19 20 21 23 25 26 47 57 63 65 66 68 72 81 85 89 90 92 101 104 107 112 115 118 121 123 129 132 133 139 144 149 151 156 159 174 175 177 185 190 192 193 195-1
4 5 6 14 23 37 38 45 51 55 60 63 64 69 70 77 94 95 98 99 100 103 110 111 112 114 120 123 125 128 143 152 153 156 157 162 165 169 173 183 185 188 192 195 198-1
2 6 7 8 18 20 21 24 30 33 38 51 54 59 61 66 73 74 83 95 96 98 104 107 108 115 118 123 125 129 130 141 146 150 157 159 162 172 174 175 179 184 191 192 197-1
4 8 9 14 18 21 23 28 31 34 39 45 53 55 62 65 67 81 83 84 86 88 89 90 95 96 101 120 127 129 135 140 145 146 158 162 171 181 183 184 186 188 193 197-1
1 2 10 14 16 24 29 44 56 58 60 61 62 66 71 73 77 83 87 89 93 95 97 100 102 105 109 114 117 135 143 147 148 152 153 154 156 159 160 167 171 172 173 184 188-1
2 7 8 10 16 19 23 29 32 37 42 54 56 62 73 81 91 93 94 104 114 122 124 126 127 129 130 131 138 141 149 157 159 165 172 174 175 181 185 187 188 196-1
2 3 16 22 27 28 30 36 37 40 49 51 53 61 63 64 65 66 68 74 75 85 86 92 107 108 109 110 112 118 129 136 147 152 157 158 164 166 171 186-1
2 7 8 16 20 23 31 32 34 35 39 42 45 55 58 63 67 68 70 77 78 81 82 93 95 100 102 106 116 123 125 126 130 135 138 149 151 157 162 163 166 170 174 181 184 197-1
5 6 10 13 19 27 29 39 45 50 52 59 60 63 64 78 80 86 88 90 95 96 102 106 110 111 115 127 132 139 142 147 150 153 161 167 170 176 177 178 179 185 186 191 195 196 197-1
4 7 11 12 22 25 27 37 45 46 49 62 63 66 68 71 72 82 83 84 86 87 104 106 121 127 133 139 141 147 151 161 163 165 179 181 185 186 187 189 190 198-1
0 5 22 23 25 32 35 36 50 53 56 58 61 75 78 79 82 85 94 96 99 101 106 108 116 118 128 131 137 142 153 155 156 162 164 168 185 186 187 189 193 194 196 199-1
1 3 6 7 8 14 17 18 20 23 29 30 32 49 52 53 57 58 59 64 66 72 73 74 75 77 79 84 86 87 95 96 99 101 108 117 137 140 146 153 155 177 192 195-1
1 3 4 6 12 31 34 36 39 47 51 54 56 59 60 61 63 70 75 80 87 97 100 101 106 119 120 124 126 129 136 137 146 148 154 155 163 170 171 177 178 186 188 190-1
0 1 8 9 10 12 13 24 28 30 34 36 39 54 58 60 61 66 67 72 76 82 84 85 99 115 122 126 127 131 136 139 152 155 163 168 169 172 178 181 182 185 186 188 192 193 199-1
1 3 4 11 13 17 18 26 28 32 38 41 43 45 46 52 54 59 68 76 77 79 90 96 101 104 105 117 122 123 125 128 138 150 153 162 166 168 171 173 177 180 183 187 190-1
0 1 2 4 6 11 20 25 28 35 46 50 52 56 59 60 66 69 71 78 85 99 100 102 108 113 119 123 124 127 131 133 137 143 156 158 162 164 174 178 183 186 188 194 195-1
7 10 12 16 18 20 25 34 36 38 39 42 47 48 56 65 66 68 74 79 81 82 87 90 98 99 107 110 120 121 124 131 136 141 145 149 156 160 161 172 177 186 188 192-1
4 11 18 23 29 31 33 39 47 48 53 56 60 61 62 63 65 70 76 80 82 83 87 92 97 104 111 114 125 126 131 138 143 149 155 156 157 159 167 168 173 175 185 186 188 192 196-1
10 12 14 15 18 21 23 25 26 30 34 36 37 39 43 49 51 52 54 63 65 71 72 78 84 88 90 97 100 102 106 110 122 125 135 138 156 161 170 172 174 175 180 182 184 185 186 191-1
1 4 10 17 18 23 25 26 28 35 36 39 42 45 46 47 49 53 58 63 64 68 77 87 88 98 99 112 115 120 127 130 133 139 140 145 166 167 170 172 174 178 180 193 194 195-1
2 4 5 8 10 12 13 15 17 21 24 30 31 35 36 37 42 43 48 64 66 73 76 78 80 81 87 90 93 98 99 101 103 112 116 119 128 139 148 149 159 161 164 165 173 197 198-1
9 12 24 25 28 40 42 52 64 66 68 73 77 79 82 85 86 87 90 92 100 109 116 125 130 133 135 139 142 145 147 150 154 155 159 161 166 169 173 176 177 179 182 185 190 192 196-1
6 8 12 17 18 19 25 27 28 38 41 50 51 57 58 63 64 69 70 71 74 80 82 83 87 90 91 95 105 113 114 118 135 137 147 156 161 163 169 184 189 192 194 199-1
5 12 14 30 31 46 48 53 61 65 85 90 95 96 97 100 101 102 107 114 115 128 133 135 141 143 145 146 148 149 151 153 154 155 158 160 163 166 170 172 173 175 180 193-1
3 12 13 15 22 23 29 34 36 37 38 41 43 48 57 68 72 73 74 77 78 84 86 89 91 92 105 112 115 116 125 128 130 131 138 139 145 149 155 156 169 188 195-1
1 5 14 16 27 28 38 40 42 49 50 53 71 75 79 85 89 90 99 101 102 107 114 117 118 121 124 128 129 130 133 135 155 160 166 168 169 171 176 185 187 188 190 195-1
0 14 15 18 21 29 36 44 47 48 52 53 55 59 62 63 65 72 74 84 85 98 105 107 112 113 117 127 131 134 135 139 140 146 149 159 160 171 172 173 184 188 190 191 192 194 197-1
1 4 6 8 11 15 25 27 29 31 41 44 46 49 50 56 58 59 62 72 73 77 83 85 89 91 103 105 108 109 113 115 119 126 142 145 149 152 155 160 172 174 175 199-1
1 8 9 11 14 22 24 25 26 29 34 36 39 40 41 43 47 53 58 60 62 64 72 75 77 78 82 94 101 110 114 120 123 124 125 134 143 147 155 160 179 180 181 183-1
0 6 7 8 18 20 25 40 41 49 52 55 64 65 67 68 70 78 81 83 84 87 89 90 92 96 97 100 102 103 105 106 112 125 133 134 135 145 148 151 161 166 175 183 192 194-1
1 6 8 12 14 15 20 21 35 39 40 52 53 58 59 60 62 63 64 65 78 79 84 86 89 92 93 97 102 105 107 119 121 124 125 134 136 137 146 154 159 167 168 175 179 195 199-1
9 13 15 18 21 33 35 42 44 47 49 53 57 60 65 67 79 82 92 93 105 110 113 115 116 117 124 126 134 146 150 153 159 160 161 164 167 175 181 182 192 194-1
0 7 17 19 39 60 61 64 66 70 74 85 87 88 91 95 96 100 108 135 136 139 140 144 146 151 153 165 167 168 169 172 177 186 190 191 192 194 198 199-1
13 14 15 18 20 26 28 37 58 72 76 98 99 100 109 115 119 121 123 125 129 134 138 147 151 154 157 166 171 173 174 175 183 185 187 188 191 192 195 196 197-1
0 8 11 12 25 28 36 39 40 44 49 50 61 64 65 67 75 80 82 85 96 97 126 128 129 130 131 133 135 138 141 143 144 145 151 157 172 174 175 187 190 192 193 196 198 199-1
0 4 8 13 18 25 28 37 42 48 55 58 60 68 69 75 93 94 97 103 104 107 118 121 122 123 125 126 129 132 134 141 142 148 152 159 164 165 170 174 181 188 189 190 192 193 194-1
15 17 18 24 25 38 48 51 56 59 69 75 81 84 86 91 106 112 113 116 130 132 139 151 161 167 168 169 170 171 176 177 178 179 182 183 188 189 191 195 198-1
1 7 8 11 13 15 17 19 21 24 27 29 37 43 49 57 60 66 67 68 74 79 88 98 99 110 111 112 115 122 130 140 149 150 158 159 160 161 170 178 181 182 184 187 194 195-1
1 8 10 12 14 16 23 26 28 30 31 32 37 42 43 50 52 54 57 60 63 65 72 76 91 105 107 114 117 118 124 133 134 142 154 162 169 176 181 186 187 188 189 191 194 196-1
4 5 7 20 22 24 28 39 43 45 47 53 55 59 62 63 68 76 79 81 88 92 94 96 100 108 109 113 119 120 121 124 126 132 136 140 144 158 160 169 174 175 193-1
0 7 8 20 21 22 23 27 28 30 31 42 53 63 64 65 66 68 70 74 75 84 86 93 103 111 119 126 132 137 139 151 154 160 172 178 179 184 193 195 197-1
6 7 14 15 17 19 31 34 66 72 73 79 82 85 95 96 102 105 109 116 123 134 135 144 145 151 153 154 156 157 161 163 167 171 174 175 176 181 185 188 189 191 193 198-1
1 8 12 22 26 38 41 46 50 53 54 57 62 63 66 70 71 76 77 78 92 93 108 110 121 127 135 138 145 148 150 152 156 157 164 171 173 175 177 180 181 183 190 192-1
5 7 8 9 10 15 20 23 26 29 31 36 39 40 42 45 57 59 62 66 70 72 80 82 86 93 96 98 101 104 115 117 123 128 134 145 148 157 161 165 174 180 181 193 199-1
5 16 24 32 36 39 45 48 53 55 56 60 62 67 72 73 89 91 94 95 97 100 132 134 139 141 148 151 157 158 160 165 167 169 170 172 173 177 184 185 186 190 193 195 196-1
3 6 7 10 14 15 16 21 24 27 30 31 38 40 50 52 57 58 61 65 67 70 77 79 89 92 93 97 98 103 116 119 121 123 124 127 129 134 141 142 143-1
2 10 12 13 16 17 18 19 20 23 27 29 30 33 35 38 40 42 43 46 47 55 56 57 59 63 65 66 70 71 81 95 96 98 99 102 103 111 112 123 126 130 131 132-1
15 17 20 21 25 33 37 43 49 54 55 61 69 70 74 79 80 89 94 104 106 108 109 121 122 128 133 151 153 161 165 169 171 173 174 175 179 183 184 185 186 189 193-1
7 17 25 29 43 44 50 51 53 62 63 67 71 77 82 96 99 104 112 120 123 129 135 142 143 144 151 154 158 159 160 161 162 163 169 171 172 180 181 183 185 194 195 199-1
19 20 23 41 42 43 50 62 63 79 80 87 88 94 100 105 107 116 117 120 123 124 126 127 137 151 152 153 155 156 159 163 164 167 171 172 175 181 182 183 189 198-1
2 11 15 18 21 22 28 29 34 35 36 37 38 41 44 51 62 70 71 72 75 80 84 86 88 91 93 94 102 108 114 121 131 137 142 160 161 162 168 175 177 179 180 185 187 189 191 194 199-1
4 7 23 26 30 31 33 34 44 55 59 60 61 64 66 68 70 76 80 93 98 100 107 109 123 129 132 133 134 136 140 141 144 147 148 149 154 158 164 171 175 176 182 185-1
0 3 4 6 8 10 17 29 32 39 42 47 71 73 74 79 86 87 88 92 93 101 104 106 113 127 135 142 149 157 162 169 170 171 174 176 177 179 182 183 186 187 193 198-1
16 22 29 31 32 33 43 46 47 54 61 66 83 86 90 94 95 96 98 99 101 104 108 110 111 114 123 131 132 141 147 149 156 160 163 167 169 171 180 181 182 189 191 199-1
0 1 7 8 11 19 25 32 35 41 51 55 57 59 69 73 77 87 90 99 104 112 121 123 130 133 138 140 141 148 151 161 162 165 170 173 176 177 180 182 183 192 193 198-1
2 4 35 36 46 48 49 58 62 64 65 68 83 91 95 97 98 110 111 112 113 117 121 123 124 125 127 128 149 156 157 158 159 165 166 169 173 175 176 178 188 189 197 198 199-1
6 7 9 10 15 18 21 24 31 33 37 39 43 44 46 48 49 51 52 57 72 73 80 83 92 94 100 101 104 110 115 116 117 118 122 124 141 142 149 153 155 160 163-1
6 7 9 11 16 17 21 26 30 39 42 43 44 46 47 48 53 58 64 66 75 77 87 88 101 102 105 106 107 117 133 134 141 142 143 144 152 155 160 165 169 172 177 181 186 188-1
0 10 11 12 15 26 36 46 48 50 51 55 56 57 58 68 75 78 80 81 90 91 98 103 106 115 123 137 139 144 148 151 155 160 167 168 178 183 184 189 192 193 197 199-1
10 13 15 20 21 23 25 27 31 33 45 47 57 76 79 81 87 93 100 102 104 105 117 120 121 126 130 131 135 137 148 149 155 160 165 167 169 174 181 183 185 187 188 195-1
2 6 12 19 25 34 41 42 45 46 56 57 60 61 63 71 73 74 76 78 80 86 92 94 104 116 123 125 126 127 128 131 137 139 140 144 148 150 153 156 157 158 159 162 178-1
5 8 15 16 20 34 38 42 46 47 49 55 56 60 64 69 74 77 78 79 84 86 89 108 109 116 118 120 121 122 129 131 136 137 141 143 147 148 150 154 169 180 194 195 198-1
5 14 15 17 19 22 24 25 29 39 40 41 44 48 50 55 64 67 71 74 78 79 82 93 94 96 98 101 102 103 107 110 114 115 138 148 150 152 154 160 168 177 183 187 192 193 194 198 199-1
9 11 15 17 22 28 29 34 35 40 44 46 54 55 56 58 75 76 77 80 84 88 90 93 94 107 109 112 113 122 123 141 148 149 153 156 164 167 169 172 180 182 196 198-1
5 11 13 27 37 41 49 57 60 73 87 90 95 96 98 106 110 115 120 131 135 142 149 151 163 169 170 176 178 181 183 186 188 191 195 197 198 199-1
15 16 20 21 30 32 33 47 53 56 65 71 72 78 81 85 90 101 105 109 120 132 135 143 144 147 154 155 157 159 166 168 170 171 182 184 187 191 192 196 197 198 199-1
5 15 19 25 30 31 36 39 47 49 50 63 67 79 80 84 85 93 96 98 99 106 107 114 119 121 123 125 129 133 155 165 167 168 171 172 175 177 178 182 183 186 187 191-1
4 8 11 14 15 17 30 34 38 49 55 56 59 62 66 69 72 73 77 86 94 95 104 108 117 119 130 131 132 136 141 144 149 153 158 159 163 166 169 170 183 184 188 189 196 197 198 199-1
15 18 28 30 36 42 53 57 66 67 68 73 74 80 86 96 97 98 110 113 114 117 125 130 132 136 150 158 162 165 166 169 170 172 174 176 178 181 182 184 189 199-1
2 6 17 18 19 28 31 36 38 44 55 58 60 64 70 72 96 101 113 121 122 124 125 132 136 138 139 144 147 148 152 153 155 157 159 161 163 164 167 168 170 171 176 186 199-1
4 5 6 9 12 18 25 27 33 44 45 51 56 58 65 68 69 70 71 75 77 78 79 89 92 107 108 112 118 119 123 135 136 137 144 152 154 164 165 167 168 169 173 187 197 198-1
0 3 5 7 8 11 17 26 33 34 36 45 46 51 67 89 90 92 93 103 104 106 112 114 125 126 133 136 141 142 147 148 149 151 152 153 165 166 169-1
13 16 28 32 45 49 57 68 70 75 79 88 92 95 97 102 104 105 113 116 118 119 123 126 127 132 134 140 144 148 149 157 163 166 168 174 177 178 180 189-1
2 4 12 15 16 28 30 31 38 39 51 59 61 64 73 79 83 86 88 89 98 99 101 104 114 117 120 121 123 126 133 142 144 147 154 155 170 174 184 191 199-1
1 3 14 22 30 34 35 37 43 46 58 61 62 63 65 74 79 82 91 95 100 102 105 107 115 118 119 127 133 134 135 139 141 143 147 152 159 168 172 173 184 196 197 198 199-1
10 15 16 19 24 27 41 45 48 50 53 63 68 70 71 81 82 84 89 91 93 94 97 100 102 105 117 118 123 127 129 130 131 133 134 139 141 142 147 149 150 151 155 166-1
10 19 30 32 33 36 39 44 53 56 59 60 62 78 81 84 91 97 108 121 125 136 138 141 151 152 154 155 164 168 169 177 181 184 188 189 191 196-1
1 10 17 19 20 21 22 27 37 39 41 46 52 67 68 70 71 95 100 108 111 112 114 116 121 132 136 142 144 150 152 154 157 162 166 172 176 178 181 182 188 196 197 198 199-1
12 14 17 18 19 21 35 42 46 49 50 52 56 60 63 65 69 72 77 91 92 95 99 108 112 113 115 119 136 137 140 155 158 160 164 166 168 172 177 182 196-1
0 1 4 6 8 12 14 19 21 34 38 41 51 53 54 58 59 67 69 71 79 81 84 85 89 92 97 98 102 108 109 121 128 130 136 140 147 150 152-1
0 2 7 10 11 13 20 24 28 29 33 34 46 48 52 54 58 61 62 63 64 68 70 72 73 76 79 86 87 95 114 118 119 123 128 142 143 148 150 153 154 161 163 172-1
2 8 11 25 27 29 30 33 34 36 37 40 44 45 66 68 71 79 80 85 90 94 103 105 107 109 113 128 131 135 137 138 141 142 143 148 149 153 157 159 164 168 176 177-1
0 9 10 17 20 21 23 29 32 52 61 63 65 72 78 79 87 92 95 99 113 118 121 131 136 137 149 151 152 153 154 163 165 166 168 177 178 184 188 189 196 197 198 199-1
1 2 5 6 12 14 21 22 26 29 33 39 40 41 42 45 46 47 62 68 69 73 89 95 96 98 101 103 114 115 128 129 133 136 142 147 148 149 152 154 158 159 162 164 166 167-1
2 3 22 23 24 26 33 50 52 57 71 73 82 93 97 98 99 102 103 104 107 118 122 126 137 140 144 147 158 165 167 168 173 174 176 182 187 188 189 191 196 198 199-1
3 5 22 23 27 28 30 48 51 57 61 65 67 70 71 73 74 76 80 81 85 88 90 93 99 100 101 105 108 109 110 113 117 118 121 125 133 141 144 147 148 150 151 159-1
9 28 29 38 39 40 48 62 68 73 75 76 77 80 83 84 85 94 96 97 99 103 106 108 109 110 112 113 115 116 117 118 132 138 144 147 152 157 164 166 169-1
5 7 9 11 17 22 25 26 28 37 39 41 44 48 50 60 67 83 84 86 87 105 109 110 114 125 133 134 137 138 150 152 159 162 165 166 170 184 188 196 197-1
0 1 12 17 22 26 32 49 54 58 67 74 75 83 88 89 101 103 104 105 112 113 115 116 117 124 125 126 133 135 136 138 141 155 157 159 164 167 176 177 182 184 187-1
2 3 6 9 11 19 20 23 25 26 35 41 42 46 51 66 68 71 75 78 84 89 96 109 110 122 135 136 138 141 147 149 150 153 155 158 167 168 172 176 182 184-1
0 6 8 10 14 16 22 24 25 26 27 28 30 31 41 42 50 51 53 60 62 66 67 71 78 79 82 83 85 99 100 109 112 114 121 125 126 132 134 135 142 144-1
4 9 14 16 19 23 24 26 36 37 44 46 61 62 63 67 71 74 75 77 89 96 98 102 108 118 126 132 133 136 138 141 150 153 164 165 166 173 176 184 197 198-1
2 5 6 7 9 14 17 30 31 32 35 47 48 53 61 64 65 69 74 80 81 88 91 92 97 100 101 102 111 113 116 117 121 122 126 129 131 132 133 134 135 142 154 158 162 165-1
3 8 11 16 17 19 22 30 31 36 38 40 46 48 53 56 72 75 80 88 90 93 95 97 98 100 103 110 113 119 123 134 135 139 140 141 143 144 147 152 154 158 162-1
0 1 4 5 13 15 21 24 25 26 32 35 38 43 56 57 58 64 65 69 78 82 83 85 86 88 90 91 92 98 110 115 119 122 126 129 131 132 135 137 138 148 150 161 162-1
2 3 5 8 14 22 24 27 32 33 43 47 48 56 59 60 61 70 77 85 87 93 96 97 100 101 108 111 115 119 124 125 130 133 136 137 140 144 148 159 161 164-1
2 6 9 12 16 23 30 31 32 37 40 43 45 55 69 71 75 84 85 93 99 105 108 110 117 121 133 134 138 144 163 165 167 174 176 177 178 182 184 187 197 198-1
9 23 32 33 51 52 59 61 62 69 78 79 88 102 103 107 108 120 126 133 140 155 158 164 165 167 170 174 177 182 187 191 196-1
22 26 27 28 35 40 45 47 49 52 61 65 71 73 78 84 98 99 101 109 120 132 134 136 141 149 152 154 155 161 162 163 164 165 167 170 174 177 182 184 191 196-1
2 5 13 15 24 35 37 47 53 59 62 68 73 83 85 87 90 94 110 113 122 127 130 132 134 143 148 150 153 155 158 162 164 165 167 168 169 173 174 177 182 184-1
