20
1 2 3 4 5 6 7 9 14 15 16 17 -1
0 3 4 5 6 8 16 17 18 19 -1
0 5 6 7 8 11 12 15 18 19 -1
0 1 4 7 8 10 11 12 13 14 17 19 -1
0 1 3 6 7 8 10 11 12 17 18 19 -1
0 1 2 7 8 9 12 16 19 -1
0 1 2 4 10 11 12 14 17 19 -1
0 2 3 4 5 9 15 18 19 -1
1 2 3 4 5 10 12 13 14 16 -1
0 5 7 10 11 12 13 14 16 18 -1
3 4 6 8 9 11 12 13 17 19 -1
2 3 4 6 9 10 14 17 19 -1
2 3 4 5 6 8 9 10 -1
3 8 9 10 15 16 17 18 19 -1
0 3 6 8 9 11 15 16 17 18 19 -1
0 2 7 13 14 16 18 -1
0 1 5 8 9 13 14 15 -1
0 1 3 4 6 10 11 13 14 -1
1 2 4 7 9 13 14 15 -1
1 2 3 4 5 6 7 10 11 13 14 -1